1406987834,s3,0.00,0.00,0.00,0,0,0.00,0.00,0.00,0,0,0.00,0.00,0,0
1406987834,s1-eth1,0.00,0.00,0.00,0,0,0.00,0.00,0.00,0,0,0.00,0.00,0,0
1406987834,s1-eth3,0.00,0.00,0.00,0,0,0.00,0.00,0.00,0,0,0.00,0.00,0,0
1406987834,s1-eth2,0.00,0.00,0.00,0,0,0.00,0.00,0.00,0,0,0.00,0.00,0,0
1406987834,s2-eth1,0.00,0.00,0.00,0,0,0.00,0.00,0.00,0,0,0.00,0.00,0,0
1406987834,s2-eth3,0.00,0.00,0.00,0,0,0.00,0.00,0.00,0,0,0.00,0.00,0,0
1406987834,s2-eth2,0.00,0.00,0.00,0,0,0.00,0.00,0.00,0,0,0.00,0.00,0,0
1406987834,s3-eth1,0.00,0.00,0.00,0,0,0.00,0.00,0.00,0,0,0.00,0.00,0,0
1406987834,s3-eth2,0.00,0.00,0.00,0,0,0.00,0.00,0.00,0,0,0.00,0.00,0,0
1406987834,eth0,0.00,0.00,0.00,0,0,0.00,0.00,0.00,0,0,0.00,0.00,0,0
1406987834,lo,0.00,0.00,0.00,0,0,0.00,0.00,0.00,0,0,0.00,0.00,0,0
1406987834,s1,0.00,0.00,0.00,0,0,0.00,0.00,0.00,0,0,0.00,0.00,0,0
1406987834,s2,0.00,0.00,0.00,0,0,0.00,0.00,0.00,0,0,0.00,0.00,0,0
1406987834,total,0.00,0.00,0.00,0,0,0.00,0.00,0.00,0,0,0.00,0.00,0,0
1406987835,s3,0.00,160.00,160.00,160,0,0.00,2.00,2.00,2,0,0.00,0.00,0,0
1406987835,s1-eth1,1223306.00,27484.00,1250790.00,27484,1223306,413.00,416.00,829.00,416,413,0.00,0.00,0,0
1406987835,s1-eth3,17848.00,832322.00,850170.00,832322,17848,270.00,281.00,551.00,281,270,0.00,0.00,0,0
1406987835,s1-eth2,9730.00,462072.00,471802.00,462072,9730,147.00,156.00,303.00,156,147,0.00,0.00,0,0
1406987835,s2-eth1,832322.00,17848.00,850170.00,17848,832322,281.00,270.00,551.00,270,281,0.00,0.00,0,0
1406987835,s2-eth3,8608.00,396908.00,405516.00,396908,8608,130.00,134.00,264.00,134,130,0.00,0.00,0,0
1406987835,s2-eth2,9400.00,432452.00,441852.00,432452,9400,142.00,146.00,288.00,146,142,0.00,0.00,0,0
1406987835,s3-eth1,396908.00,8608.00,405516.00,8608,396908,134.00,130.00,264.00,130,134,0.00,0.00,0,0
1406987835,s3-eth2,8608.00,396908.00,405516.00,396908,8608,130.00,134.00,264.00,134,130,0.00,0.00,0,0
1406987835,eth0,0.00,0.00,0.00,0,0,0.00,0.00,0.00,0,0,0.00,0.00,0,0
1406987835,lo,1668.00,1668.00,3336.00,1668,1668,18.00,18.00,36.00,18,18,0.00,0.00,0,0
1406987835,s1,0.00,160.00,160.00,160,0,0.00,2.00,2.00,2,0,0.00,0.00,0,0
1406987835,s2,0.00,160.00,160.00,160,0,0.00,2.00,2.00,2,0,0.00,0.00,0,0
1406987835,total,2508398.00,2576750.00,5085148.00,2576750,2508398,1665.00,1691.00,3356.00,1691,1665,0.00,0.00,0,0
1406987836,s3,0.00,90.00,90.00,90,0,0.00,1.00,1.00,1,0,0.00,0.00,0,0
1406987836,s1-eth1,1223396.00,27192.00,1250588.00,27192,1223396,414.00,412.00,826.00,412,414,0.00,0.00,0,0
1406987836,s1-eth3,17226.00,808716.00,825942.00,808716,17226,261.00,274.00,535.00,274,261,0.00,0.00,0,0
1406987836,s1-eth2,10122.00,479844.00,489966.00,479844,10122,153.00,162.00,315.00,162,153,0.00,0.00,0,0
1406987836,s2-eth1,808716.00,17226.00,825942.00,17226,808716,274.00,261.00,535.00,261,274,0.00,0.00,0,0
1406987836,s2-eth3,8844.00,411808.00,420652.00,411808,8844,134.00,140.00,274.00,140,134,0.00,0.00,0,0
1406987836,s2-eth2,8472.00,396908.00,405380.00,396908,8472,128.00,134.00,262.00,134,128,0.00,0.00,0,0
1406987836,s3-eth1,411808.00,8844.00,420652.00,8844,411808,140.00,134.00,274.00,134,140,0.00,0.00,0,0
1406987836,s3-eth2,8778.00,411808.00,420586.00,411808,8778,133.00,140.00,273.00,140,133,0.00,0.00,0,0
1406987836,eth0,0.00,0.00,0.00,0,0,0.00,0.00,0.00,0,0,0.00,0.00,0,0
1406987836,lo,864.00,864.00,1728.00,864,864,9.00,9.00,18.00,9,9,0.00,0.00,0,0
1406987836,s1,0.00,90.00,90.00,90,0,0.00,1.00,1.00,1,0,0.00,0.00,0,0
1406987836,s2,0.00,90.00,90.00,90,0,0.00,1.00,1.00,1,0,0.00,0.00,0,0
1406987836,total,2498226.00,2563480.00,5061706.00,2563480,2498226,1646.00,1669.00,3315.00,1669,1646,0.00,0.00,0,0
1406987837,s3,0.00,180.00,180.00,180,0,0.00,2.00,2.00,2,0,0.00,0.00,0,0
1406987837,s1-eth1,1223486.00,27324.00,1250810.00,27324,1223486,415.00,414.00,829.00,414,415,0.00,0.00,0,0
1406987837,s1-eth3,16038.00,758452.00,774490.00,758452,16038,243.00,258.00,501.00,258,243,0.00,0.00,0,0
1406987837,s1-eth2,11400.00,539084.00,550484.00,539084,11400,172.00,182.00,354.00,182,172,0.00,0.00,0,0
1406987837,s2-eth1,758452.00,16038.00,774490.00,16038,758452,258.00,243.00,501.00,243,258,0.00,0.00,0,0
1406987837,s2-eth3,7836.00,364326.00,372162.00,364326,7836,118.00,123.00,241.00,123,118,0.00,0.00,0,0
1406987837,s2-eth2,8382.00,394126.00,402508.00,394126,8382,127.00,135.00,262.00,135,127,0.00,0.00,0,0
1406987837,s3-eth1,364326.00,7836.00,372162.00,7836,364326,123.00,118.00,241.00,118,123,0.00,0.00,0,0
1406987837,s3-eth2,7902.00,364326.00,372228.00,364326,7902,119.00,123.00,242.00,123,119,0.00,0.00,0,0
1406987837,eth0,0.00,0.00,0.00,0,0,0.00,0.00,0.00,0,0,0.00,0.00,0,0
1406987837,lo,1728.00,1728.00,3456.00,1728,1728,18.00,18.00,36.00,18,18,0.00,0.00,0,0
1406987837,s1,0.00,180.00,180.00,180,0,0.00,2.00,2.00,2,0,0.00,0.00,0,0
1406987837,s2,0.00,180.00,180.00,180,0,0.00,2.00,2.00,2,0,0.00,0.00,0,0
1406987837,total,2399550.00,2473780.00,4873330.00,2473780,2399550,1593.00,1620.00,3213.00,1620,1593,0.00,0.00,0,0
1406987838,s3,0.00,210.00,210.00,210,0,0.00,3.00,3.00,3,0,0.00,0.00,0,0
1406987838,s1-eth1,1220484.00,27192.00,1247676.00,27192,1220484,414.00,412.00,826.00,412,414,0.00,0.00,0,0
1406987838,s1-eth3,16126.00,746648.00,762774.00,746648,16126,245.00,256.00,501.00,256,245,0.00,0.00,0,0
1406987838,s1-eth2,11444.00,539238.00,550682.00,539238,11444,174.00,185.00,359.00,185,174,0.00,0.00,0,0
1406987838,s2-eth1,746648.00,16126.00,762774.00,16126,746648,256.00,245.00,501.00,245,256,0.00,0.00,0,0
1406987838,s2-eth3,8078.00,367442.00,375520.00,367442,8078,123.00,127.00,250.00,127,123,0.00,0.00,0,0
1406987838,s2-eth2,8342.00,379290.00,387632.00,379290,8342,127.00,131.00,258.00,131,127,0.00,0.00,0,0
1406987838,s3-eth1,367442.00,8078.00,375520.00,8078,367442,127.00,123.00,250.00,123,127,0.00,0.00,0,0
1406987838,s3-eth2,8078.00,367442.00,375520.00,367442,8078,123.00,127.00,250.00,127,123,0.00,0.00,0,0
1406987838,eth0,0.00,0.00,0.00,0,0,0.00,0.00,0.00,0,0,0.00,0.00,0,0
1406987838,lo,6348.00,6348.00,12696.00,6348,6348,65.00,65.00,130.00,65,65,0.00,0.00,0,0
1406987838,s1,0.00,210.00,210.00,210,0,0.00,3.00,3.00,3,0,0.00,0.00,0,0
1406987838,s2,0.00,210.00,210.00,210,0,0.00,3.00,3.00,3,0,0.00,0.00,0,0
1406987838,total,2392990.00,2458434.00,4851424.00,2458434,2392990,1654.00,1680.00,3334.00,1680,1654,0.00,0.00,0,0
1406987839,s3,0.00,160.00,160.00,160,0,0.00,2.00,2.00,2,0,0.00,0.00,0,0
1406987839,s1-eth1,1223376.00,27418.00,1250794.00,27418,1223376,414.00,415.00,829.00,415,414,0.00,0.00,0,0
1406987839,s1-eth3,16132.00,749386.00,765518.00,749386,16132,244.00,253.00,497.00,253,244,0.00,0.00,0,0
1406987839,s1-eth2,11512.00,547970.00,559482.00,547970,11512,174.00,185.00,359.00,185,174,0.00,0.00,0,0
1406987839,s2-eth1,749386.00,16132.00,765518.00,16132,749386,253.00,244.00,497.00,244,253,0.00,0.00,0,0
1406987839,s2-eth3,8410.00,388022.00,396432.00,388022,8410,127.00,131.00,258.00,131,127,0.00,0.00,0,0
1406987839,s2-eth2,7816.00,361364.00,369180.00,361364,7816,118.00,122.00,240.00,122,118,0.00,0.00,0,0
1406987839,s3-eth1,388022.00,8410.00,396432.00,8410,388022,131.00,127.00,258.00,127,131,0.00,0.00,0,0
1406987839,s3-eth2,8410.00,390984.00,399394.00,390984,8410,127.00,132.00,259.00,132,127,0.00,0.00,0,0
1406987839,eth0,0.00,0.00,0.00,0,0,0.00,0.00,0.00,0,0,0.00,0.00,0,0
1406987839,lo,1668.00,1668.00,3336.00,1668,1668,18.00,18.00,36.00,18,18,0.00,0.00,0,0
1406987839,s1,0.00,160.00,160.00,160,0,0.00,2.00,2.00,2,0,0.00,0.00,0,0
1406987839,s2,0.00,160.00,160.00,160,0,0.00,2.00,2.00,2,0,0.00,0.00,0,0
1406987839,total,2414732.00,2491834.00,4906566.00,2491834,2414732,1606.00,1633.00,3239.00,1633,1606,0.00,0.00,0,0
1406987840,s3,0.00,90.00,90.00,90,0,0.00,1.00,1.00,1,0,0.00,0.00,0,0
1406987840,s1-eth1,1223306.00,27258.00,1250564.00,27258,1223306,413.00,413.00,826.00,413,413,0.00,0.00,0,0
1406987840,s1-eth3,16260.00,817512.00,833772.00,817512,16260,246.00,276.00,522.00,276,246,0.00,0.00,0,0
1406987840,s1-eth2,11088.00,533250.00,544338.00,533250,11088,168.00,181.00,349.00,181,168,0.00,0.00,0,0
1406987840,s2-eth1,817512.00,16260.00,833772.00,16260,817512,276.00,246.00,522.00,246,276,0.00,0.00,0,0
1406987840,s2-eth3,8142.00,414680.00,422822.00,414680,8142,123.00,140.00,263.00,140,123,0.00,0.00,0,0
1406987840,s2-eth2,8208.00,411718.00,419926.00,411718,8208,124.00,139.00,263.00,139,124,0.00,0.00,0,0
1406987840,s3-eth1,414680.00,8142.00,422822.00,8142,414680,140.00,123.00,263.00,123,140,0.00,0.00,0,0
1406987840,s3-eth2,8142.00,411718.00,419860.00,411718,8142,123.00,139.00,262.00,139,123,0.00,0.00,0,0
1406987840,eth0,0.00,0.00,0.00,0,0,0.00,0.00,0.00,0,0,0.00,0.00,0,0
1406987840,lo,864.00,864.00,1728.00,864,864,9.00,9.00,18.00,9,9,0.00,0.00,0,0
1406987840,s1,0.00,90.00,90.00,90,0,0.00,1.00,1.00,1,0,0.00,0.00,0,0
1406987840,s2,0.00,90.00,90.00,90,0,0.00,1.00,1.00,1,0,0.00,0.00,0,0
1406987840,total,2508202.00,2641672.00,5149874.00,2641672,2508202,1622.00,1669.00,3291.00,1669,1622,0.00,0.00,0,0
1406987841,s3,0.00,90.00,90.00,90,0,0.00,1.00,1.00,1,0,0.00,0.00,0,0
1406987841,s1-eth1,1232806.00,48014.00,1280820.00,48014,1232806,535.00,535.00,1070.00,535,535,0.00,0.00,0,0
1406987841,s1-eth3,26608.00,634350.00,660958.00,634350,26608,292.00,331.00,623.00,331,292,0.00,0.00,0,0
1406987841,s1-eth2,21402.00,460970.00,482372.00,460970,21402,243.00,249.00,492.00,249,243,0.00,0.00,0,0
1406987841,s2-eth1,634350.00,26608.00,660958.00,26608,634350,331.00,292.00,623.00,292,331,0.00,0.00,0,0
1406987841,s2-eth3,14232.00,341298.00,355530.00,341298,14232,158.00,169.00,327.00,169,158,0.00,0.00,0,0
1406987841,s2-eth2,12532.00,306546.00,319078.00,306546,12532,136.00,169.00,305.00,169,136,0.00,0.00,0,0
1406987841,s3-eth1,341298.00,14232.00,355530.00,14232,341298,169.00,158.00,327.00,158,169,0.00,0.00,0,0
1406987841,s3-eth2,14232.00,341298.00,355530.00,341298,14232,158.00,169.00,327.00,169,158,0.00,0.00,0,0
1406987841,eth0,0.00,0.00,0.00,0,0,0.00,0.00,0.00,0,0,0.00,0.00,0,0
1406987841,lo,864.00,864.00,1728.00,864,864,9.00,9.00,18.00,9,9,0.00,0.00,0,0
1406987841,s1,0.00,90.00,90.00,90,0,0.00,1.00,1.00,1,0,0.00,0.00,0,0
1406987841,s2,0.00,90.00,90.00,90,0,0.00,1.00,1.00,1,0,0.00,0.00,0,0
1406987841,total,2298324.00,2174450.00,4472774.00,2174450,2298324,2031.00,2084.00,4115.00,2084,2031,0.00,0.00,0,0
1406987842,s3,0.00,300.00,300.00,300,0,0.00,4.00,4.00,4,0,0.00,0.00,0,0
1406987842,s1-eth1,1234596.00,37168.00,1271764.00,37168,1234596,562.00,532.00,1094.00,532,562,0.00,0.00,0,0
1406987842,s1-eth3,23048.00,758708.00,781756.00,758708,23048,332.00,306.00,638.00,306,332,0.00,0.00,0,0
1406987842,s1-eth2,14514.00,548246.00,562760.00,548246,14514,205.00,233.00,438.00,233,205,0.00,0.00,0,0
1406987842,s2-eth1,758708.00,23048.00,781756.00,23048,758708,306.00,332.00,638.00,332,306,0.00,0.00,0,0
1406987842,s2-eth3,12272.00,385026.00,397298.00,385026,12272,178.00,151.00,329.00,151,178,0.00,0.00,0,0
1406987842,s2-eth2,11010.00,351302.00,362312.00,351302,11010,157.00,145.00,302.00,145,157,0.00,0.00,0,0
1406987842,s3-eth1,385026.00,12272.00,397298.00,12272,385026,151.00,178.00,329.00,178,151,0.00,0.00,0,0
1406987842,s3-eth2,12272.00,385026.00,397298.00,385026,12272,178.00,151.00,329.00,151,178,0.00,0.00,0,0
1406987842,eth0,0.00,0.00,0.00,0,0,0.00,0.00,0.00,0,0,0.00,0.00,0,0
1406987842,lo,3276.00,3276.00,6552.00,3276,3276,36.00,36.00,72.00,36,36,0.00,0.00,0,0
1406987842,s1,0.00,300.00,300.00,300,0,0.00,4.00,4.00,4,0,0.00,0.00,0,0
1406987842,s2,0.00,300.00,300.00,300,0,0.00,4.00,4.00,4,0,0.00,0.00,0,0
1406987842,total,2454722.00,2504972.00,4959694.00,2504972,2454722,2105.00,2076.00,4181.00,2076,2105,0.00,0.00,0,0
1406987843,s3,0.00,70.00,70.00,70,0,0.00,1.00,1.00,1,0,0.00,0.00,0,0
1406987843,s1-eth1,1223466.00,27328.00,1250794.00,27328,1223466,415.00,414.00,829.00,414,415,0.00,0.00,0,0
1406987843,s1-eth3,17164.00,779006.00,796170.00,779006,17164,260.00,263.00,523.00,263,260,0.00,0.00,0,0
1406987843,s1-eth2,10234.00,467996.00,478230.00,467996,10234,155.00,158.00,313.00,158,155,0.00,0.00,0,0
1406987843,s2-eth1,779006.00,17164.00,796170.00,17164,779006,263.00,260.00,523.00,260,263,0.00,0.00,0,0
1406987843,s2-eth3,8386.00,379136.00,387522.00,379136,8386,127.00,128.00,255.00,128,127,0.00,0.00,0,0
1406987843,s2-eth2,8848.00,405794.00,414642.00,405794,8848,134.00,137.00,271.00,137,134,0.00,0.00,0,0
1406987843,s3-eth1,379136.00,8386.00,387522.00,8386,379136,128.00,127.00,255.00,127,128,0.00,0.00,0,0
1406987843,s3-eth2,8386.00,379136.00,387522.00,379136,8386,127.00,128.00,255.00,128,127,0.00,0.00,0,0
1406987843,eth0,0.00,0.00,0.00,0,0,0.00,0.00,0.00,0,0,0.00,0.00,0,0
1406987843,lo,804.00,804.00,1608.00,804,804,9.00,9.00,18.00,9,9,0.00,0.00,0,0
1406987843,s1,0.00,70.00,70.00,70,0,0.00,1.00,1.00,1,0,0.00,0.00,0,0
1406987843,s2,0.00,70.00,70.00,70,0,0.00,1.00,1.00,1,0,0.00,0.00,0,0
1406987843,total,2435430.00,2464960.00,4900390.00,2464960,2435430,1618.00,1627.00,3245.00,1627,1618,0.00,0.00,0,0
1406987844,s3,0.00,0.00,0.00,0,0,0.00,0.00,0.00,0,0,0.00,0.00,0,0
1406987844,s1-eth1,1223306.00,27258.00,1250564.00,27258,1223306,413.00,413.00,826.00,413,413,0.00,0.00,0,0
1406987844,s1-eth3,16434.00,743462.00,759896.00,743462,16434,249.00,251.00,500.00,251,249,0.00,0.00,0,0
1406987844,s1-eth2,10824.00,491692.00,502516.00,491692,10824,164.00,166.00,330.00,166,164,0.00,0.00,0,0
1406987844,s2-eth1,743462.00,16434.00,759896.00,16434,743462,251.00,249.00,500.00,249,251,0.00,0.00,0,0
1406987844,s2-eth3,8382.00,379136.00,387518.00,379136,8382,127.00,128.00,255.00,128,127,0.00,0.00,0,0
1406987844,s2-eth2,8052.00,364326.00,372378.00,364326,8052,122.00,123.00,245.00,123,122,0.00,0.00,0,0
1406987844,s3-eth1,379136.00,8382.00,387518.00,8382,379136,128.00,127.00,255.00,127,128,0.00,0.00,0,0
1406987844,s3-eth2,8382.00,379136.00,387518.00,379136,8382,127.00,128.00,255.00,128,127,0.00,0.00,0,0
1406987844,eth0,0.00,0.00,0.00,0,0,0.00,0.00,0.00,0,0,0.00,0.00,0,0
1406987844,lo,0.00,0.00,0.00,0,0,0.00,0.00,0.00,0,0,0.00,0.00,0,0
1406987844,s1,0.00,0.00,0.00,0,0,0.00,0.00,0.00,0,0,0.00,0.00,0,0
1406987844,s2,0.00,0.00,0.00,0,0,0.00,0.00,0.00,0,0,0.00,0.00,0,0
1406987844,total,2397978.00,2409826.00,4807804.00,2409826,2397978,1581.00,1585.00,3166.00,1585,1581,0.00,0.00,0,0
1406987845,s3,0.00,0.00,0.00,0,0,0.00,0.00,0.00,0,0,0.00,0.00,0,0
1406987845,s1-eth1,1223306.00,27258.00,1250564.00,27258,1223306,413.00,413.00,826.00,413,413,0.00,0.00,0,0
1406987845,s1-eth3,16038.00,725690.00,741728.00,725690,16038,243.00,245.00,488.00,245,243,0.00,0.00,0,0
1406987845,s1-eth2,11220.00,500578.00,511798.00,500578,11220,170.00,169.00,339.00,169,170,0.00,0.00,0,0
1406987845,s2-eth1,725690.00,16038.00,741728.00,16038,725690,245.00,243.00,488.00,243,245,0.00,0.00,0,0
1406987845,s2-eth3,8052.00,358402.00,366454.00,358402,8052,122.00,121.00,243.00,121,122,0.00,0.00,0,0
1406987845,s2-eth2,8052.00,361364.00,369416.00,361364,8052,122.00,122.00,244.00,122,122,0.00,0.00,0,0
1406987845,s3-eth1,358402.00,8052.00,366454.00,8052,358402,121.00,122.00,243.00,122,121,0.00,0.00,0,0
1406987845,s3-eth2,8052.00,358402.00,366454.00,358402,8052,122.00,121.00,243.00,121,122,0.00,0.00,0,0
1406987845,eth0,0.00,0.00,0.00,0,0,0.00,0.00,0.00,0,0,0.00,0.00,0,0
1406987845,lo,0.00,0.00,0.00,0,0,0.00,0.00,0.00,0,0,0.00,0.00,0,0
1406987845,s1,0.00,0.00,0.00,0,0,0.00,0.00,0.00,0,0,0.00,0.00,0,0
1406987845,s2,0.00,0.00,0.00,0,0,0.00,0.00,0.00,0,0,0.00,0.00,0,0
1406987845,total,2358812.00,2355784.00,4714596.00,2355784,2358812,1558.00,1556.00,3114.00,1556,1558,0.00,0.00,0,0
1406987846,s3,0.00,0.00,0.00,0,0,0.00,0.00,0.00,0,0,0.00,0.00,0,0
1406987846,s1-eth1,1223306.00,27258.00,1250564.00,27258,1223306,413.00,413.00,826.00,413,413,0.00,0.00,0,0
1406987846,s1-eth3,16038.00,725690.00,741728.00,725690,16038,243.00,245.00,488.00,245,243,0.00,0.00,0,0
1406987846,s1-eth2,11220.00,503540.00,514760.00,503540,11220,170.00,170.00,340.00,170,170,0.00,0.00,0,0
1406987846,s2-eth1,725690.00,16038.00,741728.00,16038,725690,245.00,243.00,488.00,243,245,0.00,0.00,0,0
1406987846,s2-eth3,8052.00,367288.00,375340.00,367288,8052,122.00,124.00,246.00,124,122,0.00,0.00,0,0
1406987846,s2-eth2,7986.00,358402.00,366388.00,358402,7986,121.00,121.00,242.00,121,121,0.00,0.00,0,0
1406987846,s3-eth1,367288.00,8052.00,375340.00,8052,367288,124.00,122.00,246.00,122,124,0.00,0.00,0,0
1406987846,s3-eth2,8052.00,367288.00,375340.00,367288,8052,122.00,124.00,246.00,124,122,0.00,0.00,0,0
1406987846,eth0,0.00,0.00,0.00,0,0,0.00,0.00,0.00,0,0,0.00,0.00,0,0
1406987846,lo,0.00,0.00,0.00,0,0,0.00,0.00,0.00,0,0,0.00,0.00,0,0
1406987846,s1,0.00,0.00,0.00,0,0,0.00,0.00,0.00,0,0,0.00,0.00,0,0
1406987846,s2,0.00,0.00,0.00,0,0,0.00,0.00,0.00,0,0,0.00,0.00,0,0
1406987846,total,2367632.00,2373556.00,4741188.00,2373556,2367632,1560.00,1562.00,3122.00,1562,1560,0.00,0.00,0,0
1406987847,s3,0.00,0.00,0.00,0,0,0.00,0.00,0.00,0,0,0.00,0.00,0,0
1406987847,s1-eth1,1223306.00,27258.00,1250564.00,27258,1223306,413.00,413.00,826.00,413,413,0.00,0.00,0,0
1406987847,s1-eth3,16236.00,740500.00,756736.00,740500,16236,246.00,250.00,496.00,250,246,0.00,0.00,0,0
1406987847,s1-eth2,11022.00,497616.00,508638.00,497616,11022,167.00,168.00,335.00,168,167,0.00,0.00,0,0
1406987847,s2-eth1,740500.00,16236.00,756736.00,16236,740500,250.00,246.00,496.00,246,250,0.00,0.00,0,0
1406987847,s2-eth3,8184.00,373212.00,381396.00,373212,8184,124.00,126.00,250.00,126,124,0.00,0.00,0,0
1406987847,s2-eth2,8052.00,367288.00,375340.00,367288,8052,122.00,124.00,246.00,124,122,0.00,0.00,0,0
1406987847,s3-eth1,373212.00,8184.00,381396.00,8184,373212,126.00,124.00,250.00,124,126,0.00,0.00,0,0
1406987847,s3-eth2,8184.00,373212.00,381396.00,373212,8184,124.00,126.00,250.00,126,124,0.00,0.00,0,0
1406987847,eth0,0.00,0.00,0.00,0,0,0.00,0.00,0.00,0,0,0.00,0.00,0,0
1406987847,lo,516.00,516.00,1032.00,516,516,9.00,9.00,18.00,9,9,0.00,0.00,0,0
1406987847,s1,0.00,0.00,0.00,0,0,0.00,0.00,0.00,0,0,0.00,0.00,0,0
1406987847,s2,0.00,0.00,0.00,0,0,0.00,0.00,0.00,0,0,0.00,0.00,0,0
1406987847,total,2389212.00,2404022.00,4793234.00,2404022,2389212,1581.00,1586.00,3167.00,1586,1581,0.00,0.00,0,0
1406987848,s3,0.00,0.00,0.00,0,0,0.00,0.00,0.00,0,0,0.00,0.00,0,0
1406987848,s1-eth1,1223306.00,27258.00,1250564.00,27258,1223306,413.00,413.00,826.00,413,413,0.00,0.00,0,0
1406987848,s1-eth3,16500.00,764196.00,780696.00,764196,16500,250.00,258.00,508.00,258,250,0.00,0.00,0,0
1406987848,s1-eth2,10758.00,494654.00,505412.00,494654,10758,163.00,167.00,330.00,167,163,0.00,0.00,0,0
1406987848,s2-eth1,764196.00,16500.00,780696.00,16500,764196,258.00,250.00,508.00,250,258,0.00,0.00,0,0
1406987848,s2-eth3,8250.00,385060.00,393310.00,385060,8250,125.00,130.00,255.00,130,125,0.00,0.00,0,0
1406987848,s2-eth2,8250.00,382098.00,390348.00,382098,8250,125.00,129.00,254.00,129,125,0.00,0.00,0,0
1406987848,s3-eth1,385060.00,8250.00,393310.00,8250,385060,130.00,125.00,255.00,125,130,0.00,0.00,0,0
1406987848,s3-eth2,8250.00,385060.00,393310.00,385060,8250,125.00,130.00,255.00,130,125,0.00,0.00,0,0
1406987848,eth0,0.00,0.00,0.00,0,0,0.00,0.00,0.00,0,0,0.00,0.00,0,0
1406987848,lo,0.00,0.00,0.00,0,0,0.00,0.00,0.00,0,0,0.00,0.00,0,0
1406987848,s1,0.00,0.00,0.00,0,0,0.00,0.00,0.00,0,0,0.00,0.00,0,0
1406987848,s2,0.00,0.00,0.00,0,0,0.00,0.00,0.00,0,0,0.00,0.00,0,0
1406987848,total,2424570.00,2463076.00,4887646.00,2463076,2424570,1589.00,1602.00,3191.00,1602,1589,0.00,0.00,0,0
1406987849,s3,0.00,0.00,0.00,0,0,0.00,0.00,0.00,0,0,0.00,0.00,0,0
1406987849,s1-eth1,1223306.00,27258.00,1250564.00,27258,1223306,413.00,413.00,826.00,413,413,0.00,0.00,0,0
1406987849,s1-eth3,15840.00,749386.00,765226.00,749386,15840,240.00,253.00,493.00,253,240,0.00,0.00,0,0
1406987849,s1-eth2,11418.00,530198.00,541616.00,530198,11418,173.00,179.00,352.00,179,173,0.00,0.00,0,0
1406987849,s2-eth1,749386.00,15840.00,765226.00,15840,749386,253.00,240.00,493.00,240,253,0.00,0.00,0,0
1406987849,s2-eth3,8712.00,411718.00,420430.00,411718,8712,132.00,139.00,271.00,139,132,0.00,0.00,0,0
1406987849,s2-eth2,7128.00,334706.00,341834.00,334706,7128,108.00,113.00,221.00,113,108,0.00,0.00,0,0
1406987849,s3-eth1,411718.00,8712.00,420430.00,8712,411718,139.00,132.00,271.00,132,139,0.00,0.00,0,0
1406987849,s3-eth2,8712.00,414680.00,423392.00,414680,8712,132.00,140.00,272.00,140,132,0.00,0.00,0,0
1406987849,eth0,0.00,0.00,0.00,0,0,0.00,0.00,0.00,0,0,0.00,0.00,0,0
1406987849,lo,0.00,0.00,0.00,0,0,0.00,0.00,0.00,0,0,0.00,0.00,0,0
1406987849,s1,0.00,0.00,0.00,0,0,0.00,0.00,0.00,0,0,0.00,0.00,0,0
1406987849,s2,0.00,0.00,0.00,0,0,0.00,0.00,0.00,0,0,0.00,0.00,0,0
1406987849,total,2436220.00,2492498.00,4928718.00,2492498,2436220,1590.00,1609.00,3199.00,1609,1590,0.00,0.00,0,0
1406987850,s3,0.00,0.00,0.00,0,0,0.00,0.00,0.00,0,0,0.00,0.00,0,0
1406987850,s1-eth1,1223306.00,27324.00,1250630.00,27324,1223306,413.00,414.00,827.00,414,413,0.00,0.00,0,0
1406987850,s1-eth3,18084.00,888600.00,906684.00,888600,18084,274.00,300.00,574.00,300,274,0.00,0.00,0,0
1406987850,s1-eth2,9174.00,435414.00,444588.00,435414,9174,139.00,147.00,286.00,147,139,0.00,0.00,0,0
1406987850,s2-eth1,888600.00,18084.00,906684.00,18084,888600,300.00,274.00,574.00,274,300,0.00,0.00,0,0
1406987850,s2-eth3,8514.00,423566.00,432080.00,423566,8514,129.00,143.00,272.00,143,129,0.00,0.00,0,0
1406987850,s2-eth2,9570.00,467996.00,477566.00,467996,9570,145.00,158.00,303.00,158,145,0.00,0.00,0,0
1406987850,s3-eth1,423566.00,8514.00,432080.00,8514,423566,143.00,129.00,272.00,129,143,0.00,0.00,0,0
1406987850,s3-eth2,8514.00,420604.00,429118.00,420604,8514,129.00,142.00,271.00,142,129,0.00,0.00,0,0
1406987850,eth0,0.00,0.00,0.00,0,0,0.00,0.00,0.00,0,0,0.00,0.00,0,0
1406987850,lo,0.00,0.00,0.00,0,0,0.00,0.00,0.00,0,0,0.00,0.00,0,0
1406987850,s1,0.00,0.00,0.00,0,0,0.00,0.00,0.00,0,0,0.00,0.00,0,0
1406987850,s2,0.00,0.00,0.00,0,0,0.00,0.00,0.00,0,0,0.00,0.00,0,0
1406987850,total,2589328.00,2690102.00,5279430.00,2690102,2589328,1672.00,1707.00,3379.00,1707,1672,0.00,0.00,0,0
1406987851,s3,0.00,0.00,0.00,0,0,0.00,0.00,0.00,0,0,0.00,0.00,0,0
1406987851,s1-eth1,1225352.00,35346.00,1260698.00,35346,1225352,444.00,443.00,887.00,443,444,0.00,0.00,0,0
1406987851,s1-eth3,23618.00,722484.00,746102.00,722484,23618,293.00,350.00,643.00,350,293,0.00,0.00,0,0
1406987851,s1-eth2,11794.00,424692.00,436486.00,424692,11794,151.00,182.00,333.00,182,151,0.00,0.00,0,0
1406987851,s2-eth1,722484.00,23618.00,746102.00,23618,722484,350.00,293.00,643.00,293,350,0.00,0.00,0,0
1406987851,s2-eth3,12812.00,410542.00,423354.00,410542,12812,166.00,187.00,353.00,187,166,0.00,0.00,0,0
1406987851,s2-eth2,10806.00,308980.00,319786.00,308980,10806,127.00,162.00,289.00,162,127,0.00,0.00,0,0
1406987851,s3-eth1,410542.00,12812.00,423354.00,12812,410542,187.00,166.00,353.00,166,187,0.00,0.00,0,0
1406987851,s3-eth2,12812.00,410542.00,423354.00,410542,12812,166.00,187.00,353.00,187,166,0.00,0.00,0,0
1406987851,eth0,0.00,374.00,374.00,374,0,0.00,2.00,2.00,2,0,0.00,0.00,0,0
1406987851,lo,0.00,0.00,0.00,0,0,0.00,0.00,0.00,0,0,0.00,0.00,0,0
1406987851,s1,0.00,0.00,0.00,0,0,0.00,0.00,0.00,0,0,0.00,0.00,0,0
1406987851,s2,0.00,0.00,0.00,0,0,0.00,0.00,0.00,0,0,0.00,0.00,0,0
1406987851,total,2430220.00,2349390.00,4779610.00,2349390,2430220,1884.00,1972.00,3856.00,1972,1884,0.00,0.00,0,0
1406987852,s3,0.00,0.00,0.00,0,0,0.00,0.00,0.00,0,0,0.00,0.00,0,0
1406987852,s1-eth1,1240730.00,53188.00,1293918.00,53188,1240730,677.00,620.00,1297.00,620,677,0.00,0.00,0,0
1406987852,s1-eth3,27942.00,689828.00,717770.00,689828,27942,335.00,294.00,629.00,294,335,0.00,0.00,0,0
1406987852,s1-eth2,25180.00,538316.00,563496.00,538316,25180,284.00,302.00,586.00,302,284,0.00,0.00,0,0
1406987852,s2-eth1,689828.00,27942.00,717770.00,27942,689828,294.00,335.00,629.00,335,294,0.00,0.00,0,0
1406987852,s2-eth3,16048.00,423574.00,439622.00,423574,16048,204.00,187.00,391.00,187,204,0.00,0.00,0,0
1406987852,s2-eth2,11894.00,284026.00,295920.00,284026,11894,131.00,113.00,244.00,113,131,0.00,0.00,0,0
1406987852,s3-eth1,423574.00,16048.00,439622.00,16048,423574,187.00,204.00,391.00,204,187,0.00,0.00,0,0
1406987852,s3-eth2,16048.00,423574.00,439622.00,423574,16048,204.00,187.00,391.00,187,204,0.00,0.00,0,0
1406987852,eth0,0.00,0.00,0.00,0,0,0.00,0.00,0.00,0,0,0.00,0.00,0,0
1406987852,lo,516.00,516.00,1032.00,516,516,9.00,9.00,18.00,9,9,0.00,0.00,0,0
1406987852,s1,0.00,0.00,0.00,0,0,0.00,0.00,0.00,0,0,0.00,0.00,0,0
1406987852,s2,0.00,0.00,0.00,0,0,0.00,0.00,0.00,0,0,0.00,0.00,0,0
1406987852,total,2451760.00,2457012.00,4908772.00,2457012,2451760,2325.00,2251.00,4576.00,2251,2325,0.00,0.00,0,0
1406987853,s3,0.00,0.00,0.00,0,0,0.00,0.00,0.00,0,0,0.00,0.00,0,0
1406987853,s1-eth1,1224952.00,27258.00,1252210.00,27258,1224952,416.00,413.00,829.00,413,416,0.00,0.00,0,0
1406987853,s1-eth3,18546.00,933030.00,951576.00,933030,18546,281.00,315.00,596.00,315,281,0.00,0.00,0,0
1406987853,s1-eth2,8778.00,405794.00,414572.00,405794,8778,133.00,137.00,270.00,137,133,0.00,0.00,0,0
1406987853,s2-eth1,933030.00,18546.00,951576.00,18546,933030,315.00,281.00,596.00,281,315,0.00,0.00,0,0
1406987853,s2-eth3,8382.00,385060.00,393442.00,385060,8382,127.00,130.00,257.00,130,127,0.00,0.00,0,0
1406987853,s2-eth2,10098.00,530198.00,540296.00,530198,10098,153.00,179.00,332.00,179,153,0.00,0.00,0,0
1406987853,s3-eth1,385060.00,8382.00,393442.00,8382,385060,130.00,127.00,257.00,127,130,0.00,0.00,0,0
1406987853,s3-eth2,8382.00,385060.00,393442.00,385060,8382,127.00,130.00,257.00,130,127,0.00,0.00,0,0
1406987853,eth0,0.00,0.00,0.00,0,0,0.00,0.00,0.00,0,0,0.00,0.00,0,0
1406987853,lo,0.00,0.00,0.00,0,0,0.00,0.00,0.00,0,0,0.00,0.00,0,0
1406987853,s1,0.00,0.00,0.00,0,0,0.00,0.00,0.00,0,0,0.00,0.00,0,0
1406987853,s2,0.00,0.00,0.00,0,0,0.00,0.00,0.00,0,0,0.00,0.00,0,0
1406987853,total,2597228.00,2693328.00,5290556.00,2693328,2597228,1682.00,1712.00,3394.00,1712,1682,0.00,0.00,0,0
1406987854,s3,0.00,0.00,0.00,0,0,0.00,0.00,0.00,0,0,0.00,0.00,0,0
1406987854,s1-eth1,1217382.00,27192.00,1244574.00,27192,1217382,411.00,412.00,823.00,412,411,0.00,0.00,0,0
1406987854,s1-eth3,18546.00,856018.00,874564.00,856018,18546,281.00,289.00,570.00,289,281,0.00,0.00,0,0
1406987854,s1-eth2,8580.00,393946.00,402526.00,393946,8580,130.00,133.00,263.00,133,130,0.00,0.00,0,0
1406987854,s2-eth1,856018.00,18546.00,874564.00,18546,856018,289.00,281.00,570.00,281,289,0.00,0.00,0,0
1406987854,s2-eth3,8316.00,376174.00,384490.00,376174,8316,126.00,127.00,253.00,127,126,0.00,0.00,0,0
1406987854,s2-eth2,10296.00,479844.00,490140.00,479844,10296,156.00,162.00,318.00,162,156,0.00,0.00,0,0
1406987854,s3-eth1,376174.00,8316.00,384490.00,8316,376174,127.00,126.00,253.00,126,127,0.00,0.00,0,0
1406987854,s3-eth2,8316.00,379136.00,387452.00,379136,8316,126.00,128.00,254.00,128,126,0.00,0.00,0,0
1406987854,eth0,0.00,0.00,0.00,0,0,0.00,0.00,0.00,0,0,0.00,0.00,0,0
1406987854,lo,0.00,0.00,0.00,0,0,0.00,0.00,0.00,0,0,0.00,0.00,0,0
1406987854,s1,0.00,0.00,0.00,0,0,0.00,0.00,0.00,0,0,0.00,0.00,0,0
1406987854,s2,0.00,0.00,0.00,0,0,0.00,0.00,0.00,0,0,0.00,0.00,0,0
1406987854,total,2503628.00,2539172.00,5042800.00,2539172,2503628,1646.00,1658.00,3304.00,1658,1646,0.00,0.00,0,0
1406987855,s3,0.00,0.00,0.00,0,0,0.00,0.00,0.00,0,0,0.00,0.00,0,0
1406987855,s1-eth1,1223306.00,27258.00,1250564.00,27258,1223306,413.00,413.00,826.00,413,413,0.00,0.00,0,0
1406987855,s1-eth3,18942.00,864904.00,883846.00,864904,18942,287.00,292.00,579.00,292,287,0.00,0.00,0,0
1406987855,s1-eth2,8316.00,373212.00,381528.00,373212,8316,126.00,126.00,252.00,126,126,0.00,0.00,0,0
1406987855,s2-eth1,864904.00,18942.00,883846.00,18942,864904,292.00,287.00,579.00,287,292,0.00,0.00,0,0
1406987855,s2-eth3,7392.00,331744.00,339136.00,331744,7392,112.00,112.00,224.00,112,112,0.00,0.00,0,0
1406987855,s2-eth2,11550.00,533160.00,544710.00,533160,11550,175.00,180.00,355.00,180,175,0.00,0.00,0,0
1406987855,s3-eth1,331744.00,7392.00,339136.00,7392,331744,112.00,112.00,224.00,112,112,0.00,0.00,0,0
1406987855,s3-eth2,7326.00,328782.00,336108.00,328782,7326,111.00,111.00,222.00,111,111,0.00,0.00,0,0
1406987855,eth0,0.00,0.00,0.00,0,0,0.00,0.00,0.00,0,0,0.00,0.00,0,0
1406987855,lo,0.00,0.00,0.00,0,0,0.00,0.00,0.00,0,0,0.00,0.00,0,0
1406987855,s1,0.00,0.00,0.00,0,0,0.00,0.00,0.00,0,0,0.00,0.00,0,0
1406987855,s2,0.00,0.00,0.00,0,0,0.00,0.00,0.00,0,0,0.00,0.00,0,0
1406987855,total,2473480.00,2485394.00,4958874.00,2485394,2473480,1628.00,1633.00,3261.00,1633,1628,0.00,0.00,0,0
1406987856,s3,0.00,0.00,0.00,0,0,0.00,0.00,0.00,0,0,0.00,0.00,0,0
1406987856,s1-eth1,1223306.00,27258.00,1250564.00,27258,1223306,413.00,413.00,826.00,413,413,0.00,0.00,0,0
1406987856,s1-eth3,19668.00,885638.00,905306.00,885638,19668,298.00,299.00,597.00,299,298,0.00,0.00,0,0
1406987856,s1-eth2,7590.00,340630.00,348220.00,340630,7590,115.00,115.00,230.00,115,115,0.00,0.00,0,0
1406987856,s2-eth1,885638.00,19668.00,905306.00,19668,885638,299.00,298.00,597.00,298,299,0.00,0.00,0,0
1406987856,s2-eth3,7788.00,352478.00,360266.00,352478,7788,118.00,119.00,237.00,119,118,0.00,0.00,0,0
1406987856,s2-eth2,11880.00,536122.00,548002.00,536122,11880,180.00,181.00,361.00,181,180,0.00,0.00,0,0
1406987856,s3-eth1,352478.00,7788.00,360266.00,7788,352478,119.00,118.00,237.00,118,119,0.00,0.00,0,0
1406987856,s3-eth2,7854.00,352478.00,360332.00,352478,7854,119.00,119.00,238.00,119,119,0.00,0.00,0,0
1406987856,eth0,0.00,0.00,0.00,0,0,0.00,0.00,0.00,0,0,0.00,0.00,0,0
1406987856,lo,0.00,0.00,0.00,0,0,0.00,0.00,0.00,0,0,0.00,0.00,0,0
1406987856,s1,0.00,0.00,0.00,0,0,0.00,0.00,0.00,0,0,0.00,0.00,0,0
1406987856,s2,0.00,0.00,0.00,0,0,0.00,0.00,0.00,0,0,0.00,0.00,0,0
1406987856,total,2516202.00,2522060.00,5038262.00,2522060,2516202,1661.00,1662.00,3323.00,1662,1661,0.00,0.00,0,0
1406987857,s3,0.00,0.00,0.00,0,0,0.00,0.00,0.00,0,0,0.00,0.00,0,0
1406987857,s1-eth1,1223306.00,27258.00,1250564.00,27258,1223306,413.00,413.00,826.00,413,413,0.00,0.00,0,0
1406987857,s1-eth3,18546.00,835284.00,853830.00,835284,18546,281.00,282.00,563.00,282,281,0.00,0.00,0,0
1406987857,s1-eth2,8712.00,393946.00,402658.00,393946,8712,132.00,133.00,265.00,133,132,0.00,0.00,0,0
1406987857,s2-eth1,835284.00,18546.00,853830.00,18546,835284,282.00,281.00,563.00,281,282,0.00,0.00,0,0
1406987857,s2-eth3,7722.00,346554.00,354276.00,346554,7722,117.00,117.00,234.00,117,117,0.00,0.00,0,0
1406987857,s2-eth2,10824.00,485768.00,496592.00,485768,10824,164.00,164.00,328.00,164,164,0.00,0.00,0,0
1406987857,s3-eth1,346554.00,7722.00,354276.00,7722,346554,117.00,117.00,234.00,117,117,0.00,0.00,0,0
1406987857,s3-eth2,7722.00,349516.00,357238.00,349516,7722,117.00,118.00,235.00,118,117,0.00,0.00,0,0
1406987857,eth0,0.00,0.00,0.00,0,0,0.00,0.00,0.00,0,0,0.00,0.00,0,0
1406987857,lo,516.00,516.00,1032.00,516,516,9.00,9.00,18.00,9,9,0.00,0.00,0,0
1406987857,s1,0.00,0.00,0.00,0,0,0.00,0.00,0.00,0,0,0.00,0.00,0,0
1406987857,s2,0.00,0.00,0.00,0,0,0.00,0.00,0.00,0,0,0.00,0.00,0,0
1406987857,total,2459186.00,2465110.00,4924296.00,2465110,2459186,1632.00,1634.00,3266.00,1634,1632,0.00,0.00,0,0
1406987858,s3,0.00,0.00,0.00,0,0,0.00,0.00,0.00,0,0,0.00,0.00,0,0
1406987858,s1-eth1,1223306.00,27258.00,1250564.00,27258,1223306,413.00,413.00,826.00,413,413,0.00,0.00,0,0
1406987858,s1-eth3,19932.00,906372.00,926304.00,906372,19932,302.00,306.00,608.00,306,302,0.00,0.00,0,0
1406987858,s1-eth2,7326.00,334706.00,342032.00,334706,7326,111.00,113.00,224.00,113,111,0.00,0.00,0,0
1406987858,s2-eth1,906372.00,19932.00,926304.00,19932,906372,306.00,302.00,608.00,302,306,0.00,0.00,0,0
1406987858,s2-eth3,7590.00,355440.00,363030.00,355440,7590,115.00,120.00,235.00,120,115,0.00,0.00,0,0
1406987858,s2-eth2,12342.00,550932.00,563274.00,550932,12342,187.00,186.00,373.00,186,187,0.00,0.00,0,0
1406987858,s3-eth1,355440.00,7590.00,363030.00,7590,355440,120.00,115.00,235.00,115,120,0.00,0.00,0,0
1406987858,s3-eth2,7590.00,352478.00,360068.00,352478,7590,115.00,119.00,234.00,119,115,0.00,0.00,0,0
1406987858,eth0,0.00,0.00,0.00,0,0,0.00,0.00,0.00,0,0,0.00,0.00,0,0
1406987858,lo,0.00,0.00,0.00,0,0,0.00,0.00,0.00,0,0,0.00,0.00,0,0
1406987858,s1,0.00,0.00,0.00,0,0,0.00,0.00,0.00,0,0,0.00,0.00,0,0
1406987858,s2,0.00,0.00,0.00,0,0,0.00,0.00,0.00,0,0,0.00,0.00,0,0
1406987858,total,2539898.00,2554708.00,5094606.00,2554708,2539898,1669.00,1674.00,3343.00,1674,1669,0.00,0.00,0,0
1406987859,s3,0.00,0.00,0.00,0,0,0.00,0.00,0.00,0,0,0.00,0.00,0,0
1406987859,s1-eth1,1223306.00,27258.00,1250564.00,27258,1223306,413.00,413.00,826.00,413,413,0.00,0.00,0,0
1406987859,s1-eth3,18282.00,844170.00,862452.00,844170,18282,277.00,285.00,562.00,285,277,0.00,0.00,0,0
1406987859,s1-eth2,8976.00,420604.00,429580.00,420604,8976,136.00,142.00,278.00,142,136,0.00,0.00,0,0
1406987859,s2-eth1,844170.00,18282.00,862452.00,18282,844170,285.00,277.00,562.00,277,285,0.00,0.00,0,0
1406987859,s2-eth3,7722.00,364326.00,372048.00,364326,7722,117.00,123.00,240.00,123,117,0.00,0.00,0,0
1406987859,s2-eth2,10560.00,482806.00,493366.00,482806,10560,160.00,163.00,323.00,163,160,0.00,0.00,0,0
1406987859,s3-eth1,364326.00,7722.00,372048.00,7722,364326,123.00,117.00,240.00,117,123,0.00,0.00,0,0
1406987859,s3-eth2,7722.00,364326.00,372048.00,364326,7722,117.00,123.00,240.00,123,117,0.00,0.00,0,0
1406987859,eth0,0.00,580.00,580.00,580,0,0.00,3.00,3.00,3,0,0.00,0.00,0,0
1406987859,lo,0.00,0.00,0.00,0,0,0.00,0.00,0.00,0,0,0.00,0.00,0,0
1406987859,s1,0.00,0.00,0.00,0,0,0.00,0.00,0.00,0,0,0.00,0.00,0,0
1406987859,s2,0.00,0.00,0.00,0,0,0.00,0.00,0.00,0,0,0.00,0.00,0,0
1406987859,total,2485064.00,2530074.00,5015138.00,2530074,2485064,1628.00,1646.00,3274.00,1646,1628,0.00,0.00,0,0
1406987860,s3,0.00,0.00,0.00,0,0,0.00,0.00,0.00,0,0,0.00,0.00,0,0
1406987860,s1-eth1,1223306.00,27258.00,1250564.00,27258,1223306,413.00,413.00,826.00,413,413,0.00,0.00,0,0
1406987860,s1-eth3,19272.00,906372.00,925644.00,906372,19272,292.00,306.00,598.00,306,292,0.00,0.00,0,0
1406987860,s1-eth2,7986.00,382098.00,390084.00,382098,7986,121.00,129.00,250.00,129,121,0.00,0.00,0,0
1406987860,s2-eth1,906372.00,19272.00,925644.00,19272,906372,306.00,292.00,598.00,292,306,0.00,0.00,0,0
1406987860,s2-eth3,9636.00,467996.00,477632.00,467996,9636,146.00,158.00,304.00,158,146,0.00,0.00,0,0
1406987860,s2-eth2,9636.00,438376.00,448012.00,438376,9636,146.00,148.00,294.00,148,146,0.00,0.00,0,0
1406987860,s3-eth1,467996.00,9636.00,477632.00,9636,467996,158.00,146.00,304.00,146,158,0.00,0.00,0,0
1406987860,s3-eth2,9636.00,467996.00,477632.00,467996,9636,146.00,158.00,304.00,158,146,0.00,0.00,0,0
1406987860,eth0,0.00,0.00,0.00,0,0,0.00,0.00,0.00,0,0,0.00,0.00,0,0
1406987860,lo,0.00,0.00,0.00,0,0,0.00,0.00,0.00,0,0,0.00,0.00,0,0
1406987860,s1,0.00,0.00,0.00,0,0,0.00,0.00,0.00,0,0,0.00,0.00,0,0
1406987860,s2,0.00,0.00,0.00,0,0,0.00,0.00,0.00,0,0,0.00,0.00,0,0
1406987860,total,2653840.00,2719004.00,5372844.00,2719004,2653840,1728.00,1750.00,3478.00,1750,1728,0.00,0.00,0,0
1406987861,s3,0.00,0.00,0.00,0,0,0.00,0.00,0.00,0,0,0.00,0.00,0,0
1406987861,s1-eth1,1224366.00,36828.00,1261194.00,36828,1224366,451.00,450.00,901.00,450,451,0.00,0.00,0,0
1406987861,s1-eth3,26456.00,737822.00,764278.00,737822,26456,320.00,363.00,683.00,363,320,0.00,0.00,0,0
1406987861,s1-eth2,10438.00,369796.00,380234.00,369796,10438,131.00,162.00,293.00,162,131,0.00,0.00,0,0
1406987861,s2-eth1,737822.00,26456.00,764278.00,26456,737822,363.00,320.00,683.00,320,363,0.00,0.00,0,0
1406987861,s2-eth3,13056.00,312272.00,325328.00,312272,13056,154.00,168.00,322.00,168,154,0.00,0.00,0,0
1406987861,s2-eth2,13400.00,422588.00,435988.00,422588,13400,166.00,194.00,360.00,194,166,0.00,0.00,0,0
1406987861,s3-eth1,312272.00,13056.00,325328.00,13056,312272,168.00,154.00,322.00,154,168,0.00,0.00,0,0
1406987861,s3-eth2,13056.00,312272.00,325328.00,312272,13056,154.00,168.00,322.00,168,154,0.00,0.00,0,0
1406987861,eth0,0.00,0.00,0.00,0,0,0.00,0.00,0.00,0,0,0.00,0.00,0,0
1406987861,lo,0.00,0.00,0.00,0,0,0.00,0.00,0.00,0,0,0.00,0.00,0,0
1406987861,s1,0.00,0.00,0.00,0,0,0.00,0.00,0.00,0,0,0.00,0.00,0,0
1406987861,s2,0.00,0.00,0.00,0,0,0.00,0.00,0.00,0,0,0.00,0.00,0,0
1406987861,total,2350866.00,2231090.00,4581956.00,2231090,2350866,1907.00,1979.00,3886.00,1979,1907,0.00,0.00,0,0
1406987862,s3,0.00,0.00,0.00,0,0,0.00,0.00,0.00,0,0,0.00,0.00,0,0
1406987862,s1-eth1,1240076.00,48256.00,1288332.00,48256,1240076,642.00,582.00,1224.00,582,642,0.00,0.00,0,0
1406987862,s1-eth3,31544.00,828400.00,859944.00,828400,31544,384.00,372.00,756.00,372,384,0.00,0.00,0,0
1406987862,s1-eth2,16712.00,411990.00,428702.00,411990,16712,198.00,187.00,385.00,187,198,0.00,0.00,0,0
1406987862,s2-eth1,828400.00,31544.00,859944.00,31544,828400,372.00,384.00,756.00,384,372,0.00,0.00,0,0
1406987862,s2-eth3,15020.00,411990.00,427010.00,411990,15020,190.00,187.00,377.00,187,190,0.00,0.00,0,0
1406987862,s2-eth2,16458.00,416410.00,432868.00,416410,16458,193.00,185.00,378.00,185,193,0.00,0.00,0,0
1406987862,s3-eth1,411990.00,15020.00,427010.00,15020,411990,187.00,190.00,377.00,190,187,0.00,0.00,0,0
1406987862,s3-eth2,15020.00,411990.00,427010.00,411990,15020,190.00,187.00,377.00,187,190,0.00,0.00,0,0
1406987862,eth0,0.00,0.00,0.00,0,0,0.00,0.00,0.00,0,0,0.00,0.00,0,0
1406987862,lo,516.00,516.00,1032.00,516,516,9.00,9.00,18.00,9,9,0.00,0.00,0,0
1406987862,s1,0.00,0.00,0.00,0,0,0.00,0.00,0.00,0,0,0.00,0.00,0,0
1406987862,s2,0.00,0.00,0.00,0,0,0.00,0.00,0.00,0