1406987797,s1-eth1,0.00,0.00,0.00,0,0,0.00,0.00,0.00,0,0,0.00,0.00,0,0
1406987797,s1-eth3,0.00,0.00,0.00,0,0,0.00,0.00,0.00,0,0,0.00,0.00,0,0
1406987797,s1-eth2,0.00,0.00,0.00,0,0,0.00,0.00,0.00,0,0,0.00,0.00,0,0
1406987797,s2-eth1,0.00,0.00,0.00,0,0,0.00,0.00,0.00,0,0,0.00,0.00,0,0
1406987797,s2-eth2,0.00,0.00,0.00,0,0,0.00,0.00,0.00,0,0,0.00,0.00,0,0
1406987797,eth0,0.00,0.00,0.00,0,0,0.00,0.00,0.00,0,0,0.00,0.00,0,0
1406987797,lo,0.00,0.00,0.00,0,0,0.00,0.00,0.00,0,0,0.00,0.00,0,0
1406987797,s1,0.00,0.00,0.00,0,0,0.00,0.00,0.00,0,0,0.00,0.00,0,0
1406987797,s2,0.00,0.00,0.00,0,0,0.00,0.00,0.00,0,0,0.00,0.00,0,0
1406987797,total,0.00,0.00,0.00,0,0,0.00,0.00,0.00,0,0,0.00,0.00,0,0
1406987798,s1-eth1,1220684.00,27418.00,1248102.00,27418,1220684,416.00,415.00,831.00,415,416,0.00,0.00,0,0
1406987798,s1-eth3,13256.00,607390.00,620646.00,607390,13256,200.00,207.00,407.00,207,200,0.00,0.00,0,0
1406987798,s1-eth2,14662.00,690306.00,704968.00,690306,14662,221.00,235.00,456.00,235,221,0.00,0.00,0,0
1406987798,s2-eth1,607390.00,13256.00,620646.00,13256,607390,207.00,200.00,407.00,200,207,0.00,0.00,0,0
1406987798,s2-eth2,13256.00,607390.00,620646.00,607390,13256,200.00,207.00,407.00,207,200,0.00,0.00,0,0
1406987798,eth0,60.00,60.00,120.00,60,60,1.00,1.00,2.00,1,1,0.00,0.00,0,0
1406987798,lo,3376.00,3376.00,6752.00,3376,3376,36.00,36.00,72.00,36,36,0.00,0.00,0,0
1406987798,s1,0.00,500.00,500.00,500,0,0.00,6.00,6.00,6,0,0.00,0.00,0,0
1406987798,s2,0.00,500.00,500.00,500,0,0.00,6.00,6.00,6,0,0.00,0.00,0,0
1406987798,total,1872684.00,1950196.00,3822880.00,1950196,1872684,1281.00,1313.00,2594.00,1313,1281,0.00,0.00,0,0
1406987799,s1-eth1,1223396.00,27258.00,1250654.00,27258,1223396,414.00,413.00,827.00,413,414,0.00,0.00,0,0
1406987799,s1-eth3,12036.00,562780.00,574816.00,562780,12036,182.00,190.00,372.00,190,182,0.00,0.00,0,0
1406987799,s1-eth2,15312.00,734666.00,749978.00,734666,15312,232.00,249.00,481.00,249,232,0.00,0.00,0,0
1406987799,s2-eth1,562780.00,12036.00,574816.00,12036,562780,190.00,182.00,372.00,182,190,0.00,0.00,0,0
1406987799,s2-eth2,12036.00,559818.00,571854.00,559818,12036,182.00,189.00,371.00,189,182,0.00,0.00,0,0
1406987799,eth0,0.00,0.00,0.00,0,0,0.00,0.00,0.00,0,0,0.00,0.00,0,0
1406987799,lo,576.00,576.00,1152.00,576,576,6.00,6.00,12.00,6,6,0.00,0.00,0,0
1406987799,s1,0.00,90.00,90.00,90,0,0.00,1.00,1.00,1,0,0.00,0.00,0,0
1406987799,s2,0.00,90.00,90.00,90,0,0.00,1.00,1.00,1,0,0.00,0.00,0,0
1406987799,total,1826136.00,1897314.00,3723450.00,1897314,1826136,1206.00,1231.00,2437.00,1231,1206,0.00,0.00,0,0
1406987800,s1-eth1,1226268.00,27258.00,1253526.00,27258,1226268,414.00,413.00,827.00,413,414,0.00,0.00,0,0
1406987800,s1-eth3,10824.00,500578.00,511402.00,500578,10824,164.00,169.00,333.00,169,164,0.00,0.00,0,0
1406987800,s1-eth2,16434.00,793816.00,810250.00,793816,16434,249.00,268.00,517.00,268,249,0.00,0.00,0,0
1406987800,s2-eth1,500578.00,10824.00,511402.00,10824,500578,169.00,164.00,333.00,164,169,0.00,0.00,0,0
1406987800,s2-eth2,10758.00,503540.00,514298.00,503540,10758,163.00,170.00,333.00,170,163,0.00,0.00,0,0
1406987800,eth0,0.00,0.00,0.00,0,0,0.00,0.00,0.00,0,0,0.00,0.00,0,0
1406987800,lo,0.00,0.00,0.00,0,0,0.00,0.00,0.00,0,0,0.00,0.00,0,0
1406987800,s1,0.00,0.00,0.00,0,0,0.00,0.00,0.00,0,0,0.00,0.00,0,0
1406987800,s2,0.00,0.00,0.00,0,0,0.00,0.00,0.00,0,0,0.00,0.00,0,0
1406987800,total,1764862.00,1836016.00,3600878.00,1836016,1764862,1159.00,1184.00,2343.00,1184,1159,0.00,0.00,0,0
1406987801,s1-eth1,1223396.00,27348.00,1250744.00,27348,1223396,414.00,414.00,828.00,414,414,0.00,0.00,0,0
1406987801,s1-eth3,10914.00,509576.00,520490.00,509576,10914,165.00,174.00,339.00,174,165,0.00,0.00,0,0
1406987801,s1-eth2,16768.00,793948.00,810716.00,793948,16768,254.00,270.00,524.00,270,254,0.00,0.00,0,0
1406987801,s2-eth1,509576.00,10914.00,520490.00,10914,509576,174.00,165.00,339.00,165,174,0.00,0.00,0,0
1406987801,s2-eth2,10980.00,506614.00,517594.00,506614,10980,166.00,173.00,339.00,173,166,0.00,0.00,0,0
1406987801,eth0,0.00,0.00,0.00,0,0,0.00,0.00,0.00,0,0,0.00,0.00,0,0
1406987801,lo,2768.00,2768.00,5536.00,2768,2768,28.00,28.00,56.00,28,28,0.00,0.00,0,0
1406987801,s1,0.00,250.00,250.00,250,0,0.00,3.00,3.00,3,0,0.00,0.00,0,0
1406987801,s2,0.00,250.00,250.00,250,0,0.00,3.00,3.00,3,0,0.00,0.00,0,0
1406987801,total,1774402.00,1851668.00,3626070.00,1851668,1774402,1201.00,1230.00,2431.00,1230,1201,0.00,0.00,0,0
1406987802,s1-eth1,1223446.00,27328.00,1250774.00,27328,1223446,415.00,414.00,829.00,414,415,0.00,0.00,0,0
1406987802,s1-eth3,10040.00,465034.00,475074.00,465034,10040,152.00,157.00,309.00,157,152,0.00,0.00,0,0
1406987802,s1-eth2,17428.00,835354.00,852782.00,835354,17428,264.00,283.00,547.00,283,264,0.00,0.00,0,0
1406987802,s2-eth1,465034.00,10040.00,475074.00,10040,465034,157.00,152.00,309.00,152,157,0.00,0.00,0,0
1406987802,s2-eth2,10040.00,465034.00,475074.00,465034,10040,152.00,157.00,309.00,157,152,0.00,0.00,0,0
1406987802,eth0,0.00,0.00,0.00,0,0,0.00,0.00,0.00,0,0,0.00,0.00,0,0
1406987802,lo,1176.00,1176.00,2352.00,1176,1176,14.00,14.00,28.00,14,14,0.00,0.00,0,0
1406987802,s1,0.00,140.00,140.00,140,0,0.00,2.00,2.00,2,0,0.00,0.00,0,0
1406987802,s2,0.00,140.00,140.00,140,0,0.00,2.00,2.00,2,0,0.00,0.00,0,0
1406987802,total,1727164.00,1804246.00,3531410.00,1804246,1727164,1154.00,1181.00,2335.00,1181,1154,0.00,0.00,0,0
1406987803,s1-eth1,1220344.00,27258.00,1247602.00,27258,1220344,412.00,413.00,825.00,413,412,0.00,0.00,0,0
1406987803,s1-eth3,9438.00,447262.00,456700.00,447262,9438,143.00,151.00,294.00,151,143,0.00,0.00,0,0
1406987803,s1-eth2,17820.00,856018.00,873838.00,856018,17820,270.00,289.00,559.00,289,270,0.00,0.00,0,0
1406987803,s2-eth1,447262.00,9438.00,456700.00,9438,447262,151.00,143.00,294.00,143,151,0.00,0.00,0,0
1406987803,s2-eth2,9438.00,447262.00,456700.00,447262,9438,143.00,151.00,294.00,151,143,0.00,0.00,0,0
1406987803,eth0,0.00,0.00,0.00,0,0,0.00,0.00,0.00,0,0,0.00,0.00,0,0
1406987803,lo,0.00,0.00,0.00,0,0,0.00,0.00,0.00,0,0,0.00,0.00,0,0
1406987803,s1,0.00,0.00,0.00,0,0,0.00,0.00,0.00,0,0,0.00,0.00,0,0
1406987803,s2,0.00,0.00,0.00,0,0,0.00,0.00,0.00,0,0,0.00,0.00,0,0
1406987803,total,1704302.00,1787238.00,3491540.00,1787238,1704302,1119.00,1147.00,2266.00,1147,1119,0.00,0.00,0,0
1406987804,s1-eth1,1226800.00,36328.00,1263128.00,36328,1226800,444.00,444.00,888.00,444,444,0.00,0.00,0,0
1406987804,s1-eth3,14268.00,438318.00,452586.00,438318,14268,174.00,191.00,365.00,191,174,0.00,0.00,0,0
1406987804,s1-eth2,21966.00,709184.00,731150.00,709184,21966,269.00,324.00,593.00,324,269,0.00,0.00,0,0
1406987804,s2-eth1,438318.00,14268.00,452586.00,14268,438318,191.00,174.00,365.00,174,191,0.00,0.00,0,0
1406987804,s2-eth2,14174.00,438318.00,452492.00,438318,14174,173.00,191.00,364.00,191,173,0.00,0.00,0,0
1406987804,eth0,0.00,0.00,0.00,0,0,0.00,0.00,0.00,0,0,0.00,0.00,0,0
1406987804,lo,0.00,0.00,0.00,0,0,0.00,0.00,0.00,0,0,0.00,0.00,0,0
1406987804,s1,0.00,0.00,0.00,0,0,0.00,0.00,0.00,0,0,0.00,0.00,0,0
1406987804,s2,0.00,0.00,0.00,0,0,0.00,0.00,0.00,0,0,0.00,0.00,0,0
1406987804,total,1715526.00,1636416.00,3351942.00,1636416,1715526,1251.00,1324.00,2575.00,1324,1251,0.00,0.00,0,0
1406987805,s1-eth1,1232748.00,46664.00,1279412.00,46664,1232748,578.00,562.00,1140.00,562,578,0.00,0.00,0,0
1406987805,s1-eth3,20388.00,542454.00,562842.00,542454,20388,252.00,233.00,485.00,233,252,0.00,0.00,0,0
1406987805,s1-eth2,26440.00,657374.00,683814.00,657374,26440,312.00,263.00,575.00,263,312,0.00,0.00,0,0
1406987805,s2-eth1,542454.00,20388.00,562842.00,20388,542454,233.00,252.00,485.00,252,233,0.00,0.00,0,0
1406987805,s2-eth2,20482.00,542454.00,562936.00,542454,20482,253.00,233.00,486.00,233,253,0.00,0.00,0,0
1406987805,eth0,0.00,0.00,0.00,0,0,0.00,0.00,0.00,0,0,0.00,0.00,0,0
1406987805,lo,536.00,536.00,1072.00,536,536,6.00,6.00,12.00,6,6,0.00,0.00,0,0
1406987805,s1,0.00,70.00,70.00,70,0,0.00,1.00,1.00,1,0,0.00,0.00,0,0
1406987805,s2,0.00,70.00,70.00,70,0,0.00,1.00,1.00,1,0,0.00,0.00,0,0
1406987805,total,1843048.00,1810010.00,3653058.00,1810010,1843048,1634.00,1551.00,3185.00,1551,1634,0.00,0.00,0,0
1406987806,s1-eth1,1223446.00,27328.00,1250774.00,27328,1223446,415.00,414.00,829.00,414,415,0.00,0.00,0,0
1406987806,s1-eth3,9974.00,444300.00,454274.00,444300,9974,151.00,150.00,301.00,150,151,0.00,0.00,0,0
1406987806,s1-eth2,17494.00,805734.00,823228.00,805734,17494,265.00,273.00,538.00,273,265,0.00,0.00,0,0
1406987806,s2-eth1,444300.00,9974.00,454274.00,9974,444300,150.00,151.00,301.00,151,150,0.00,0.00,0,0
1406987806,s2-eth2,9908.00,447262.00,457170.00,447262,9908,150.00,151.00,301.00,151,150,0.00,0.00,0,0
1406987806,eth0,0.00,0.00,0.00,0,0,0.00,0.00,0.00,0,0,0.00,0.00,0,0
1406987806,lo,1072.00,1072.00,2144.00,1072,1072,12.00,12.00,24.00,12,12,0.00,0.00,0,0
1406987806,s1,0.00,140.00,140.00,140,0,0.00,2.00,2.00,2,0,0.00,0.00,0,0
1406987806,s2,0.00,140.00,140.00,140,0,0.00,2.00,2.00,2,0,0.00,0.00,0,0
1406987806,total,1706194.00,1735950.00,3442144.00,1735950,1706194,1143.00,1155.00,2298.00,1155,1143,0.00,0.00,0,0
1406987807,s1-eth1,1223306.00,27348.00,1250654.00,27348,1223306,413.00,414.00,827.00,414,413,0.00,0.00,0,0
1406987807,s1-eth3,10650.00,485768.00,496418.00,485768,10650,161.00,164.00,325.00,164,161,0.00,0.00,0,0
1406987807,s1-eth2,16788.00,758272.00,775060.00,758272,16788,254.00,256.00,510.00,256,254,0.00,0.00,0,0
1406987807,s2-eth1,485768.00,10650.00,496418.00,10650,485768,164.00,161.00,325.00,161,164,0.00,0.00,0,0
1406987807,s2-eth2,10716.00,482806.00,493522.00,482806,10716,162.00,163.00,325.00,163,162,0.00,0.00,0,0
1406987807,eth0,0.00,0.00,0.00,0,0,0.00,0.00,0.00,0,0,0.00,0.00,0,0
1406987807,lo,576.00,576.00,1152.00,576,576,6.00,6.00,12.00,6,6,0.00,0.00,0,0
1406987807,s1,0.00,90.00,90.00,90,0,0.00,1.00,1.00,1,0,0.00,0.00,0,0
1406987807,s2,0.00,90.00,90.00,90,0,0.00,1.00,1.00,1,0,0.00,0.00,0,0
1406987807,total,1747804.00,1765600.00,3513404.00,1765600,1747804,1160.00,1166.00,2326.00,1166,1160,0.00,0.00,0,0
1406987808,s1-eth1,1223306.00,27258.00,1250564.00,27258,1223306,413.00,413.00,826.00,413,413,0.00,0.00,0,0
1406987808,s1-eth3,9768.00,438376.00,448144.00,438376,9768,148.00,148.00,296.00,148,148,0.00,0.00,0,0
1406987808,s1-eth2,17490.00,790854.00,808344.00,790854,17490,265.00,267.00,532.00,267,265,0.00,0.00,0,0
1406987808,s2-eth1,438376.00,9768.00,448144.00,9768,438376,148.00,148.00,296.00,148,148,0.00,0.00,0,0
1406987808,s2-eth2,9768.00,438376.00,448144.00,438376,9768,148.00,148.00,296.00,148,148,0.00,0.00,0,0
1406987808,eth0,0.00,0.00,0.00,0,0,0.00,0.00,0.00,0,0,0.00,0.00,0,0
1406987808,lo,0.00,0.00,0.00,0,0,0.00,0.00,0.00,0,0,0.00,0.00,0,0
1406987808,s1,0.00,0.00,0.00,0,0,0.00,0.00,0.00,0,0,0.00,0.00,0,0
1406987808,s2,0.00,0.00,0.00,0,0,0.00,0.00,0.00,0,0,0.00,0.00,0,0
1406987808,total,1698708.00,1704632.00,3403340.00,1704632,1698708,1122.00,1124.00,2246.00,1124,1122,0.00,0.00,0,0
1406987809,s1-eth1,1223306.00,27258.00,1250564.00,27258,1223306,413.00,413.00,826.00,413,413,0.00,0.00,0,0
1406987809,s1-eth3,9702.00,435414.00,445116.00,435414,9702,147.00,147.00,294.00,147,147,0.00,0.00,0,0
1406987809,s1-eth2,17556.00,787892.00,805448.00,787892,17556,266.00,266.00,532.00,266,266,0.00,0.00,0,0
1406987809,s2-eth1,435414.00,9702.00,445116.00,9702,435414,147.00,147.00,294.00,147,147,0.00,0.00,0,0
1406987809,s2-eth2,9702.00,435414.00,445116.00,435414,9702,147.00,147.00,294.00,147,147,0.00,0.00,0,0
1406987809,eth0,0.00,0.00,0.00,0,0,0.00,0.00,0.00,0,0,0.00,0.00,0,0
1406987809,lo,0.00,0.00,0.00,0,0,0.00,0.00,0.00,0,0,0.00,0.00,0,0
1406987809,s1,0.00,0.00,0.00,0,0,0.00,0.00,0.00,0,0,0.00,0.00,0,0
1406987809,s2,0.00,0.00,0.00,0,0,0.00,0.00,0.00,0,0,0.00,0.00,0,0
1406987809,total,1695680.00,1695680.00,3391360.00,1695680,1695680,1120.00,1120.00,2240.00,1120,1120,0.00,0.00,0,0
1406987810,s1-eth1,1223306.00,27258.00,1250564.00,27258,1223306,413.00,413.00,826.00,413,413,0.00,0.00,0,0
1406987810,s1-eth3,9834.00,441338.00,451172.00,441338,9834,149.00,149.00,298.00,149,149,0.00,0.00,0,0
1406987810,s1-eth2,17424.00,784930.00,802354.00,784930,17424,264.00,265.00,529.00,265,264,0.00,0.00,0,0
1406987810,s2-eth1,441338.00,9834.00,451172.00,9834,441338,149.00,149.00,298.00,149,149,0.00,0.00,0,0
1406987810,s2-eth2,9768.00,444300.00,454068.00,444300,9768,148.00,150.00,298.00,150,148,0.00,0.00,0,0
1406987810,eth0,0.00,0.00,0.00,0,0,0.00,0.00,0.00,0,0,0.00,0.00,0,0
1406987810,lo,0.00,0.00,0.00,0,0,0.00,0.00,0.00,0,0,0.00,0.00,0,0
1406987810,s1,0.00,0.00,0.00,0,0,0.00,0.00,0.00,0,0,0.00,0.00,0,0
1406987810,s2,0.00,0.00,0.00,0,0,0.00,0.00,0.00,0,0,0.00,0.00,0,0
1406987810,total,1701670.00,1707660.00,3409330.00,1707660,1701670,1123.00,1126.00,2249.00,1126,1123,0.00,0.00,0,0
1406987811,s1-eth1,1226268.00,27258.00,1253526.00,27258,1226268,414.00,413.00,827.00,413,414,0.00,0.00,0,0
1406987811,s1-eth3,10032.00,465034.00,475066.00,465034,10032,152.00,157.00,309.00,157,152,0.00,0.00,0,0
1406987811,s1-eth2,17226.00,773082.00,790308.00,773082,17226,261.00,261.00,522.00,261,261,0.00,0.00,0,0
1406987811,s2-eth1,465034.00,10032.00,475066.00,10032,465034,157.00,152.00,309.00,152,157,0.00,0.00,0,0
1406987811,s2-eth2,10098.00,462072.00,472170.00,462072,10098,153.00,156.00,309.00,156,153,0.00,0.00,0,0
1406987811,eth0,0.00,0.00,0.00,0,0,0.00,0.00,0.00,0,0,0.00,0.00,0,0
1406987811,lo,0.00,0.00,0.00,0,0,0.00,0.00,0.00,0,0,0.00,0.00,0,0
1406987811,s1,0.00,0.00,0.00,0,0,0.00,0.00,0.00,0,0,0.00,0.00,0,0
1406987811,s2,0.00,0.00,0.00,0,0,0.00,0.00,0.00,0,0,0.00,0.00,0,0
1406987811,total,1728658.00,1737478.00,3466136.00,1737478,1728658,1137.00,1139.00,2276.00,1139,1137,0.00,0.00,0,0
1406987812,s1-eth1,1223306.00,27258.00,1250564.00,27258,1223306,413.00,413.00,826.00,413,413,0.00,0.00,0,0
1406987812,s1-eth3,10560.00,491692.00,502252.00,491692,10560,160.00,166.00,326.00,166,160,0.00,0.00,0,0
1406987812,s1-eth2,16698.00,761234.00,777932.00,761234,16698,253.00,257.00,510.00,257,253,0.00,0.00,0,0
1406987812,s2-eth1,491692.00,10560.00,502252.00,10560,491692,166.00,160.00,326.00,160,166,0.00,0.00,0,0
1406987812,s2-eth2,10560.00,491692.00,502252.00,491692,10560,160.00,166.00,326.00,166,160,0.00,0.00,0,0
1406987812,eth0,0.00,0.00,0.00,0,0,0.00,0.00,0.00,0,0,0.00,0.00,0,0
1406987812,lo,344.00,344.00,688.00,344,344,6.00,6.00,12.00,6,6,0.00,0.00,0,0
1406987812,s1,0.00,0.00,0.00,0,0,0.00,0.00,0.00,0,0,0.00,0.00,0,0
1406987812,s2,0.00,0.00,0.00,0,0,0.00,0.00,0.00,0,0,0.00,0.00,0,0
1406987812,total,1753160.00,1782780.00,3535940.00,1782780,1753160,1158.00,1168.00,2326.00,1168,1158,0.00,0.00,0,0
1406987813,s1-eth1,1223306.00,27258.00,1250564.00,27258,1223306,413.00,413.00,826.00,413,413,0.00,0.00,0,0
1406987813,s1-eth3,11220.00,536122.00,547342.00,536122,11220,170.00,181.00,351.00,181,170,0.00,0.00,0,0
1406987813,s1-eth2,16038.00,737538.00,753576.00,737538,16038,243.00,249.00,492.00,249,243,0.00,0.00,0,0
1406987813,s2-eth1,536122.00,11220.00,547342.00,11220,536122,181.00,170.00,351.00,170,181,0.00,0.00,0,0
1406987813,s2-eth2,11220.00,536122.00,547342.00,536122,11220,170.00,181.00,351.00,181,170,0.00,0.00,0,0
1406987813,eth0,0.00,0.00,0.00,0,0,0.00,0.00,0.00,0,0,0.00,0.00,0,0
1406987813,lo,0.00,0.00,0.00,0,0,0.00,0.00,0.00,0,0,0.00,0.00,0,0
1406987813,s1,0.00,0.00,0.00,0,0,0.00,0.00,0.00,0,0,0.00,0.00,0,0
1406987813,s2,0.00,0.00,0.00,0,0,0.00,0.00,0.00,0,0,0.00,0.00,0,0
1406987813,total,1797906.00,1848260.00,3646166.00,1848260,1797906,1177.00,1194.00,2371.00,1194,1177,0.00,0.00,0,0
1406987814,s1-eth1,1223306.00,27258.00,1250564.00,27258,1223306,413.00,413.00,826.00,413,413,0.00,0.00,0,0
1406987814,s1-eth3,11814.00,568704.00,580518.00,568704,11814,179.00,192.00,371.00,192,179,0.00,0.00,0,0
1406987814,s1-eth2,15444.00,728652.00,744096.00,728652,15444,234.00,246.00,480.00,246,234,0.00,0.00,0,0
1406987814,s2-eth1,568704.00,11814.00,580518.00,11814,568704,192.00,179.00,371.00,179,192,0.00,0.00,0,0
1406987814,s2-eth2,11748.00,571666.00,583414.00,571666,11748,178.00,193.00,371.00,193,178,0.00,0.00,0,0
1406987814,eth0,0.00,0.00,0.00,0,0,0.00,0.00,0.00,0,0,0.00,0.00,0,0
1406987814,lo,0.00,0.00,0.00,0,0,0.00,0.00,0.00,0,0,0.00,0.00,0,0
1406987814,s1,0.00,0.00,0.00,0,0,0.00,0.00,0.00,0,0,0.00,0.00,0,0
1406987814,s2,0.00,0.00,0.00,0,0,0.00,0.00,0.00,0,0,0.00,0.00,0,0
1406987814,total,1831016.00,1908094.00,3739110.00,1908094,1831016,1196.00,1223.00,2419.00,1223,1196,0.00,0.00,0,0
1406987815,s1-eth1,1223306.00,27994.00,1251300.00,27994,1223306,413.00,413.00,826.00,413,413,0.00,0.00,0,0
1406987815,s1-eth3,13330.00,603856.00,617186.00,603856,13330,193.00,220.00,413.00,220,193,0.00,0.00,0,0
1406987815,s1-eth2,14664.00,680208.00,694872.00,680208,14664,220.00,236.00,456.00,236,220,0.00,0.00,0,0
1406987815,s2-eth1,603856.00,13330.00,617186.00,13330,603856,220.00,193.00,413.00,193,220,0.00,0.00,0,0
1406987815,s2-eth2,13302.00,600894.00,614196.00,600894,13302,193.00,219.00,412.00,219,193,0.00,0.00,0,0
1406987815,eth0,0.00,0.00,0.00,0,0,0.00,0.00,0.00,0,0,0.00,0.00,0,0
1406987815,lo,0.00,0.00,0.00,0,0,0.00,0.00,0.00,0,0,0.00,0.00,0,0
1406987815,s1,0.00,0.00,0.00,0,0,0.00,0.00,0.00,0,0,0.00,0.00,0,0
1406987815,s2,0.00,0.00,0.00,0,0,0.00,0.00,0.00,0,0,0.00,0.00,0,0
1406987815,total,1868458.00,1926282.00,3794740.00,1926282,1868458,1239.00,1281.00,2520.00,1281,1239,0.00,0.00,0,0
1406987816,s1-eth1,1236576.00,59640.00,1296216.00,59640,1236576,636.00,636.00,1272.00,636,636,0.00,0.00,0,0
1406987816,s1-eth3,31490.00,570118.00,601608.00,570118,31490,335.00,367.00,702.00,367,335,0.00,0.00,0,0
1406987816,s1-eth2,28056.00,555832.00,583888.00,555832,28056,300.00,348.00,648.00,348,300,0.00,0.00,0,0
1406987816,s2-eth1,570118.00,31490.00,601608.00,31490,570118,367.00,335.00,702.00,335,367,0.00,0.00,0,0
1406987816,s2-eth2,31584.00,571632.00,603216.00,571632,31584,336.00,368.00,704.00,368,336,0.00,0.00,0,0
1406987816,eth0,0.00,0.00,0.00,0,0,0.00,0.00,0.00,0,0,0.00,0.00,0,0
1406987816,lo,0.00,0.00,0.00,0,0,0.00,0.00,0.00,0,0,0.00,0.00,0,0
1406987816,s1,0.00,0.00,0.00,0,0,0.00,0.00,0.00,0,0,0.00,0.00,0,0
1406987816,s2,0.00,0.00,0.00,0,0,0.00,0.00,0.00,0,0,0.00,0.00,0,0
1406987816,total,1897824.00,1788712.00,3686536.00,1788712,1897824,1974.00,2054.00,4028.00,2054,1974,0.00,0.00,0,0
1406987817,s1-eth1,1233004.00,35170.00,1268174.00,35170,1233004,538.00,495.00,1033.00,495,538,0.00,0.00,0,0
1406987817,s1-eth3,29832.00,1063696.00,1093528.00,1063696,29832,430.00,408.00,838.00,408,430,0.00,0.00,0,0
1406987817,s1-eth2,5432.00,135464.00,140896.00,135464,5432,66.00,56.00,122.00,56,66,0.00,0.00,0,0
1406987817,s2-eth1,1063696.00,29832.00,1093528.00,29832,1063696,408.00,430.00,838.00,430,408,0.00,0.00,0,0
1406987817,s2-eth2,29766.00,1065144.00,1094910.00,1065144,29766,429.00,408.00,837.00,408,429,0.00,0.00,0,0
1406987817,eth0,0.00,0.00,0.00,0,0,0.00,0.00,0.00,0,0,0.00,0.00,0,0
1406987817,lo,344.00,344.00,688.00,344,344,6.00,6.00,12.00,6,6,0.00,0.00,0,0
1406987817,s1,0.00,0.00,0.00,0,0,0.00,0.00,0.00,0,0,0.00,0.00,0,0
1406987817,s2,0.00,0.00,0.00,0,0,0.00,0.00,0.00,0,0,0.00,0.00,0,0
1406987817,total,2362074.00,2329650.00,4691724.00,2329650,2362074,1877.00,1803.00,3680.00,1803,1877,0.00,0.00,0,0
1406987818,s1-eth1,1223306.00,27258.00,1250564.00,27258,1223306,413.00,413.00,826.00,413,413,0.00,0.00,0,0
1406987818,s1-eth3,17952.00,814550.00,832502.00,814550,17952,272.00,275.00,547.00,275,272,0.00,0.00,0,0
1406987818,s1-eth2,9306.00,435414.00,444720.00,435414,9306,141.00,147.00,288.00,147,141,0.00,0.00,0,0
1406987818,s2-eth1,814550.00,17952.00,832502.00,17952,814550,275.00,272.00,547.00,272,275,0.00,0.00,0,0
1406987818,s2-eth2,17952.00,814550.00,832502.00,814550,17952,272.00,275.00,547.00,275,272,0.00,0.00,0,0
1406987818,eth0,0.00,0.00,0.00,0,0,0.00,0.00,0.00,0,0,0.00,0.00,0,0
1406987818,lo,0.00,0.00,0.00,0,0,0.00,0.00,0.00,0,0,0.00,0.00,0,0
1406987818,s1,0.00,0.00,0.00,0,0,0.00,0.00,0.00,0,0,0.00,0.00,0,0
1406987818,s2,0.00,0.00,0.00,0,0,0.00,0.00,0.00,0,0,0.00,0.00,0,0
1406987818,total,2083066.00,2109724.00,4192790.00,2109724,2083066,1373.00,1382.00,2755.00,1382,1373,0.00,0.00,0,0
1406987819,s1-eth1,1223306.00,27258.00,1250564.00,27258,1223306,413.00,413.00,826.00,413,413,0.00,0.00,0,0
1406987819,s1-eth3,16632.00,746424.00,763056.00,746424,16632,252.00,252.00,504.00,252,252,0.00,0.00,0,0
1406987819,s1-eth2,10626.00,497616.00,508242.00,497616,10626,161.00,168.00,329.00,168,161,0.00,0.00,0,0
1406987819,s2-eth1,746424.00,16632.00,763056.00,16632,746424,252.00,252.00,504.00,252,252,0.00,0.00,0,0
1406987819,s2-eth2,16632.00,746424.00,763056.00,746424,16632,252.00,252.00,504.00,252,252,0.00,0.00,0,0
1406987819,eth0,0.00,0.00,0.00,0,0,0.00,0.00,0.00,0,0,0.00,0.00,0,0
1406987819,lo,0.00,0.00,0.00,0,0,0.00,0.00,0.00,0,0,0.00,0.00,0,0
1406987819,s1,0.00,0.00,0.00,0,0,0.00,0.00,0.00,0,0,0.00,0.00,0,0
1406987819,s2,0.00,0.00,0.00,0,0,0.00,0.00,0.00,0,0,0.00,0.00,0,0
1406987819,total,2013620.00,2034354.00,4047974.00,2034354,2013620,1330.00,1337.00,2667.00,1337,1330,0.00,0.00,0,0
1406987820,s1-eth1,1223306.00,27258.00,1250564.00,27258,1223306,413.00,413.00,826.00,413,413,0.00,0.00,0,0
1406987820,s1-eth3,15906.00,713842.00,729748.00,713842,15906,241.00,241.00,482.00,241,241,0.00,0.00,0,0
1406987820,s1-eth2,11352.00,533160.00,544512.00,533160,11352,172.00,180.00,352.00,180,172,0.00,0.00,0,0
1406987820,s2-eth1,713842.00,15906.00,729748.00,15906,713842,241.00,241.00,482.00,241,241,0.00,0.00,0,0
1406987820,s2-eth2,15906.00,713842.00,729748.00,713842,15906,241.00,241.00,482.00,241,241,0.00,0.00,0,0
1406987820,eth0,0.00,374.00,374.00,374,0,0.00,2.00,2.00,2,0,0.00,0.00,0,0
1406987820,lo,0.00,0.00,0.00,0,0,0.00,0.00,0.00,0,0,0.00,0.00,0,0
1406987820,s1,0.00,0.00,0.00,0,0,0.00,0.00,0.00,0,0,0.00,0.00,0,0
1406987820,s2,0.00,0.00,0.00,0,0,0.00,0.00,0.00,0,0,0.00,0.00,0,0
1406987820,total,1980312.00,2004382.00,3984694.00,2004382,1980312,1308.00,1318.00,2626.00,1318,1308,0.00,0.00,0,0
1406987821,s1-eth1,1223306.00,27258.00,1250564.00,27258,1223306,413.00,413.00,826.00,413,413,0.00,0.00,0,0
1406987821,s1-eth3,13134.00,592400.00,605534.00,592400,13134,199.00,200.00,399.00,200,199,0.00,0.00,0,0
1406987821,s1-eth2,14124.00,663488.00,677612.00,663488,14124,214.00,224.00,438.00,224,214,0.00,0.00,0,0
1406987821,s2-eth1,592400.00,13134.00,605534.00,13134,592400,200.00,199.00,399.00,199,200,0.00,0.00,0,0
1406987821,s2-eth2,13134.00,592400.00,605534.00,592400,13134,199.00,200.00,399.00,200,199,0.00,0.00,0,0
1406987821,eth0,0.00,0.00,0.00,0,0,0.00,0.00,0.00,0,0,0.00,0.00,0,0
1406987821,lo,0.00,0.00,0.00,0,0,0.00,0.00,0.00,0,0,0.00,0.00,0,0
1406987821,s1,0.00,0.00,0.00,0,0,0.00,0.00,0.00,0,0,0.00,0.00,0,0
1406987821,s2,0.00,0.00,0.00,0,0,0.00,0.00,0.00,0,0,0.00,0.00,0,0
1406987821,total,1856098.00,1888680.00,3744778.00,1888680,1856098,1225.00,1236.00,2461.00,1236,1225,0.00,0.00,0,0
1406987822,s1-eth1,1223306.00,27258.00,1250564.00,27258,1223306,413.00,413.00,826.00,413,413,0.00,0.00,0,0
1406987822,s1-eth3,12408.00,565742.00,578150.00,565742,12408,188.00,191.00,379.00,191,188,0.00,0.00,0,0
1406987822,s1-eth2,14850.00,696070.00,710920.00,696070,14850,225.00,235.00,460.00,235,225,0.00,0.00,0,0
1406987822,s2-eth1,565742.00,12408.00,578150.00,12408,565742,191.00,188.00,379.00,188,191,0.00,0.00,0,0
1406987822,s2-eth2,12408.00,562780.00,575188.00,562780,12408,188.00,190.00,378.00,190,188,0.00,0.00,0,0
1406987822,eth0,0.00,0.00,0.00,0,0,0.00,0.00,0.00,0,0,0.00,0.00,0,0
1406987822,lo,344.00,344.00,688.00,344,344,6.00,6.00,12.00,6,6,0.00,0.00,0,0
1406987822,s1,0.00,0.00,0.00,0,0,0.00,0.00,0.00,0,0,0.00,0.00,0,0
1406987822,s2,0.00,0.00,0.00,0,0,0.00,0.00,0.00,0,0,0.00,0.00,0,0
1406987822,total,1829058.00,1864602.00,3693660.00,1864602,1829058,1211.00,1223.00,2434.00,1223,1211,0.00,0.00,0,0
1406987823,s1-eth1,1223306.00,27258.00,1250564.00,27258,1223306,413.00,413.00,826.00,413,413,0.00,0.00,0,0
1406987823,s1-eth3,11748.00,536122.00,547870.00,536122,11748,178.00,181.00,359.00,181,178,0.00,0.00,0,0
1406987823,s1-eth2,15510.00,728652.00,744162.00,728652,15510,235.00,246.00,481.00,246,235,0.00,0.00,0,0
1406987823,s2-eth1,536122.00,11748.00,547870.00,11748,536122,181.00,178.00,359.00,178,181,0.00,0.00,0,0
1406987823,s2-eth2,11748.00,539084.00,550832.00,539084,11748,178.00,182.00,360.00,182,178,0.00,0.00,0,0
1406987823,eth0,0.00,0.00,0.00,0,0,0.00,0.00,0.00,0,0,0.00,0.00,0,0
1406987823,lo,0.00,0.00,0.00,0,0,0.00,0.00,0.00,0,0,0.00,0.00,0,0
1406987823,s1,0.00,0.00,0.00,0,0,0.00,0.00,0.00,0,0,0.00,0.00,0,0
1406987823,s2,0.00,0.00,0.00,0,0,0.00,0.00,0.00,0,0,0.00,0.00,0,0
1406987823,total,1798434.00,1842864.00,3641298.00,1842864,1798434,1185.00,1200.00,2385.00,1200,1185,0.00,0.00,0,0
1406987824,s1-eth1,1217382.00,27192.00,1244574.00,27192,1217382,411.00,412.00,823.00,412,411,0.00,0.00,0,0
1406987824,s1-eth3,10890.00,518350.00,529240.00,518350,10890,165.00,175.00,340.00,175,165,0.00,0.00,0,0
1406987824,s1-eth2,16236.00,761234.00,777470.00,761234,16236,246.00,257.00,503.00,257,246,0.00,0.00,0,0
1406987824,s2-eth1,518350.00,10890.00,529240.00,10890,518350,175.00,165.00,340.00,165,175,0.00,0.00,0,0
1406987824,s2-eth2,10956.00,515388.00,526344.00,515388,10956,166.00,174.00,340.00,174,166,0.00,0.00,0,0
1406987824,eth0,0.00,0.00,0.00,0,0,0.00,0.00,0.00,0,0,0.00,0.00,0,0
1406987824,lo,0.00,0.00,0.00,0,0,0.00,0.00,0.00,0,0,0.00,0.00,0,0
1406987824,s1,0.00,0.00,0.00,0,0,0.00,0.00,0.00,0,0,0.00,0.00,0,0
1406987824,s2,0.00,0.00,0.00,0,0,0.00,0.00,0.00,0,0,0.00,0.00,0,0
1406987824,total,1773814.00,1833054.00,3606868.00,1833054,1773814,1163.00,1183.00,2346.00,1183,1163,0.00,0.00,0,0
1406987825,s1-eth1,1223306.00,27258.00,1250564.00,27258,1223306,413.00,413.00,826.00,413,413,0.00,0.00,0,0
1406987825,s1-eth3,11814.00,565742.00,577556.00,565742,11814,179.00,191.00,370.00,191,179,0.00,0.00,0,0
1406987825,s1-eth2,15510.00,767158.00,782668.00,767158,15510,235.00,259.00,494.00,259,235,0.00,0.00,0,0
1406987825,s2-eth1,565742.00,11814.00,577556.00,11814,565742,191.00,179.00,370.00,179,191,0.00,0.00,0,0
1406987825,s2-eth2,11748.00,565742.00,577490.00,565742,11748,178.00,191.00,369.00,191,178,0.00,0.00,0,0
1406987825,eth0,0.00,0.00,0.00,0,0,0.00,0.00,0.00,0,0,0.00,0.00,0,0
1406987825,lo,0.00,0.00,0.00,0,0,0.00,0.00,0.00,0,0,0.00,0.00,0,0
1406987825,s1,0.00,0.00,0.00,0,0,0.00,0.00,0.00,0,0,0.00,0.00,0,0
1406987825,s2,0.00,0.00,0.00,0,0,0.00,0.00,0.00,0,0,0.00,0.00,0,0
1406987825,total,1828120.00,1937714.00,3765834.00,1937714,1828120,1196.00,1233.00,2429.00,1233,1196,0.00,0.00,0,0
1406987826,s1-eth1,1223306.00,27258.00,1250564.00,27258,1223306,413.00,413.00,826.00,413,413,0.00,0.00,0,0
1406987826,s1-eth3,10098.00,506502.00,516600.00,506502,10098,153.00,171.00,324.00,171,153,0.00,0.00,0,0
1406987826,s1-eth2,17160.00,867866.00,885026.00,867866,17160,260.00,293.00,553.00,293,260,0.00,0.00,0,0
1406987826,s2-eth1,506502.00,10098.00,516600.00,10098,506502,171.00,153.00,324.00,153,171,0.00,0.00,0,0
1406987826,s2-eth2,10164.00,506502.00,516666.00,506502,10164,154.00,171.00,325.00,171,154,0.00,0.00,0,0
1406987826,eth0,0.00,0.00,0.00,0,0,0.00,0.00,0.00,0,0,0.00,0.00,0,0
1406987826,lo,0.00,0.00,0.00,0,0,0.00,0.00,0.00,0,0,0.00,0.00,0,0
1406987826,s1,0.00,0.00,0.00,0,0,0.00,0.00,0.00,0,0,0.00,0.00,0,0
1406987826,s2,0.00,0.00,0.00,0,0,0.00,0.00,0.00,0,0,0.00,0.00,0,0
1406987826,total,1767230.00,1918226.00,3685456.00,1918226,1767230,1151.00,1201.00,2352.00,1201,1151,0.00,0.00,0,0
1406987827,s1-eth1,1233470.00,52178.00,1285648.00,52178,1233470,567.00,567.00,1134.00,567,567,0.00,0.00,0,0
1406987827,s1-eth3,22474.00,484076.00,506550.00,484076,22474,245.00,270.00,515.00,270,245,0.00,0.00,0,0
1406987827,s1-eth2,29704.00,649172.00,678876.00,649172,29704,322.00,402.00,724.00,402,322,0.00,0.00,0,0
1406987827,s2-eth1,484076.00,22474.00,506550.00,22474,484076,270.00,245.00,515.00,245,270,0.00,0.00,0,0
1406987827,s2-eth2,22380.00,484076.00,506456.00,484076,22380,244.00,270.00,514.00,270,244,0.00,0.00,0,0
1406987827,eth0,0.00,0.00,0.00,0,0,0.00,0.00,0.00,0,0,0.00,0.00,0,0
1406987827,lo,344.00,344.00,688.00,344,344,6.00,6.00,12.00,6,6,0.00,0.00,0,0
1406987827,s1,0.00,0.00,0.00,0,0,0.00,0.00,0.00,0,0,0.00,0.00,0,0
1406987827,s2,0.00,0.00,0.00,0,0,0.00,0.00,0.00,0,0,0.00,0.00,0,0
1406987827,total,1792448.00,1692320.00,3484768.00,1692320,1792448,1654.00,1760.00,3414.00,1760,1654,0.00,0.00,0,0
1406987828,eth0,1132.00,660.00,1792.00,660,1132,10.00,10.00,20.00,10,10,0.00,0.00,0,0
1406987828,lo,596.00,596.00,1192.00,596,596,9.00,9.00,18.00,9,9,0.00,0.00,0,0
1406987828,total,18446744073709551616.00,18446744073709551616.00,18446744073709551616.00,18446744073651872829,18446744073652909181,18446744073709512704.00,18446744073709510656.00,18446744073709471744.00,18446744073709511651,18446744073709512269,0.00,0.00,0,0
1406987829,eth0,118.00,66.00,184.00,66,118,1.00,1.00,2.00,1,1,0.00,0.00,0,0
1406987829,lo,0.00,0.00,0.00,0,0,0.00,0.00,0.00,0,0,0.00,0.00,0,0
1406987829,total,118.00,66.00,184.00,66,118,1.00,1.00,2.00,1,1,0.00,0.00,0,0
1406987830,eth0,118.00,66.00,184.00,6