1406987871,s3,0.00,0.00,0.00,0,0,0.00,0.00,0.00,0,0,0.00,0.00,0,0
1406987871,s1-eth1,0.00,0.00,0.00,0,0,0.00,0.00,0.00,0,0,0.00,0.00,0,0
1406987871,s1-eth3,0.00,0.00,0.00,0,0,0.00,0.00,0.00,0,0,0.00,0.00,0,0
1406987871,s1-eth2,0.00,0.00,0.00,0,0,0.00,0.00,0.00,0,0,0.00,0.00,0,0
1406987871,s4,0.00,0.00,0.00,0,0,0.00,0.00,0.00,0,0,0.00,0.00,0,0
1406987871,s2-eth1,0.00,0.00,0.00,0,0,0.00,0.00,0.00,0,0,0.00,0.00,0,0
1406987871,s2-eth3,0.00,0.00,0.00,0,0,0.00,0.00,0.00,0,0,0.00,0.00,0,0
1406987871,s2-eth2,0.00,0.00,0.00,0,0,0.00,0.00,0.00,0,0,0.00,0.00,0,0
1406987871,s3-eth1,0.00,0.00,0.00,0,0,0.00,0.00,0.00,0,0,0.00,0.00,0,0
1406987871,s3-eth3,0.00,0.00,0.00,0,0,0.00,0.00,0.00,0,0,0.00,0.00,0,0
1406987871,s3-eth2,0.00,0.00,0.00,0,0,0.00,0.00,0.00,0,0,0.00,0.00,0,0
1406987871,eth0,0.00,0.00,0.00,0,0,0.00,0.00,0.00,0,0,0.00,0.00,0,0
1406987871,lo,0.00,0.00,0.00,0,0,0.00,0.00,0.00,0,0,0.00,0.00,0,0
1406987871,s1,0.00,0.00,0.00,0,0,0.00,0.00,0.00,0,0,0.00,0.00,0,0
1406987871,s4-eth1,0.00,0.00,0.00,0,0,0.00,0.00,0.00,0,0,0.00,0.00,0,0
1406987871,s4-eth2,0.00,0.00,0.00,0,0,0.00,0.00,0.00,0,0,0.00,0.00,0,0
1406987871,s2,0.00,0.00,0.00,0,0,0.00,0.00,0.00,0,0,0.00,0.00,0,0
1406987871,total,0.00,0.00,0.00,0,0,0.00,0.00,0.00,0,0,0.00,0.00,0,0
1406987872,s3,0.00,340.00,340.00,340,0,0.00,4.00,4.00,4,0,0.00,0.00,0,0
1406987872,s1-eth1,1223486.00,27418.00,1250904.00,27418,1223486,415.00,415.00,830.00,415,415,0.00,0.00,0,0
1406987872,s1-eth3,19630.00,921362.00,940992.00,921362,19630,297.00,313.00,610.00,313,297,0.00,0.00,0,0
1406987872,s1-eth2,8128.00,370250.00,378378.00,370250,8128,122.00,125.00,247.00,125,122,0.00,0.00,0,0
1406987872,s4,0.00,340.00,340.00,340,0,0.00,4.00,4.00,4,0,0.00,0.00,0,0
1406987872,s2-eth1,921362.00,19630.00,940992.00,19630,921362,313.00,297.00,610.00,297,313,0.00,0.00,0,0
1406987872,s2-eth3,12106.00,562960.00,575066.00,562960,12106,183.00,192.00,375.00,192,183,0.00,0.00,0,0
1406987872,s2-eth2,7930.00,355440.00,363370.00,355440,7930,119.00,120.00,239.00,120,119,0.00,0.00,0,0
1406987872,s3-eth1,562960.00,12040.00,575000.00,12040,562960,192.00,182.00,374.00,182,192,0.00,0.00,0,0
1406987872,s3-eth3,5332.00,237050.00,242382.00,237050,5332,80.00,81.00,161.00,81,80,0.00,0.00,0,0
1406987872,s3-eth2,7114.00,322948.00,330062.00,322948,7114,107.00,110.00,217.00,110,107,0.00,0.00,0,0
1406987872,eth0,0.00,0.00,0.00,0,0,0.00,0.00,0.00,0,0,0.00,0.00,0,0
1406987872,lo,4528.00,4528.00,9056.00,4528,4528,48.00,48.00,96.00,48,48,0.00,0.00,0,0
1406987872,s1,0.00,340.00,340.00,340,0,0.00,4.00,4.00,4,0,0.00,0.00,0,0
1406987872,s4-eth1,237050.00,5332.00,242382.00,5332,237050,81.00,80.00,161.00,80,81,0.00,0.00,0,0
1406987872,s4-eth2,5332.00,237050.00,242382.00,237050,5332,80.00,81.00,161.00,81,80,0.00,0.00,0,0
1406987872,s2,0.00,340.00,340.00,340,0,0.00,4.00,4.00,4,0,0.00,0.00,0,0
1406987872,total,3014958.00,3077368.00,6092326.00,3077368,3014958,2037.00,2060.00,4097.00,2060,2037,0.00,0.00,0,0
1406987873,s3,0.00,0.00,0.00,0,0,0.00,0.00,0.00,0,0,0.00,0.00,0,0
1406987873,s1-eth1,1223306.00,27258.00,1250564.00,27258,1223306,413.00,413.00,826.00,413,413,0.00,0.00,0,0
1406987873,s1-eth3,19338.00,909334.00,928672.00,909334,19338,293.00,307.00,600.00,307,293,0.00,0.00,0,0
1406987873,s1-eth2,7920.00,382098.00,390018.00,382098,7920,120.00,129.00,249.00,129,120,0.00,0.00,0,0
1406987873,s4,0.00,0.00,0.00,0,0,0.00,0.00,0.00,0,0,0.00,0.00,0,0
1406987873,s2-eth1,909334.00,19338.00,928672.00,19338,909334,307.00,293.00,600.00,293,307,0.00,0.00,0,0
1406987873,s2-eth3,12408.00,583514.00,595922.00,583514,12408,188.00,197.00,385.00,197,188,0.00,0.00,0,0
1406987873,s2-eth2,6930.00,325820.00,332750.00,325820,6930,105.00,110.00,215.00,110,105,0.00,0.00,0,0
1406987873,s3-eth1,583514.00,12408.00,595922.00,12408,583514,197.00,188.00,385.00,188,197,0.00,0.00,0,0
1406987873,s3-eth3,5412.00,254732.00,260144.00,254732,5412,82.00,86.00,168.00,86,82,0.00,0.00,0,0
1406987873,s3-eth2,6996.00,328782.00,335778.00,328782,6996,106.00,111.00,217.00,111,106,0.00,0.00,0,0
1406987873,eth0,0.00,0.00,0.00,0,0,0.00,0.00,0.00,0,0,0.00,0.00,0,0
1406987873,lo,0.00,0.00,0.00,0,0,0.00,0.00,0.00,0,0,0.00,0.00,0,0
1406987873,s1,0.00,0.00,0.00,0,0,0.00,0.00,0.00,0,0,0.00,0.00,0,0
1406987873,s4-eth1,254732.00,5412.00,260144.00,5412,254732,86.00,82.00,168.00,82,86,0.00,0.00,0,0
1406987873,s4-eth2,5412.00,254732.00,260144.00,254732,5412,82.00,86.00,168.00,86,82,0.00,0.00,0,0
1406987873,s2,0.00,0.00,0.00,0,0,0.00,0.00,0.00,0,0,0.00,0.00,0,0
1406987873,total,3035302.00,3103428.00,6138730.00,3103428,3035302,1979.00,2002.00,3981.00,2002,1979,0.00,0.00,0,0
1406987874,s3,0.00,0.00,0.00,0,0,0.00,0.00,0.00,0,0,0.00,0.00,0,0
1406987874,s1-eth1,1223306.00,27258.00,1250564.00,27258,1223306,413.00,413.00,826.00,413,413,0.00,0.00,0,0
1406987874,s1-eth3,18150.00,838246.00,856396.00,838246,18150,275.00,283.00,558.00,283,275,0.00,0.00,0,0
1406987874,s1-eth2,9108.00,438376.00,447484.00,438376,9108,138.00,148.00,286.00,148,138,0.00,0.00,0,0
1406987874,s4,0.00,0.00,0.00,0,0,0.00,0.00,0.00,0,0,0.00,0.00,0,0
1406987874,s2-eth1,838246.00,18150.00,856396.00,18150,838246,283.00,275.00,558.00,275,283,0.00,0.00,0,0
1406987874,s2-eth3,11352.00,521312.00,532664.00,521312,11352,172.00,176.00,348.00,176,172,0.00,0.00,0,0
1406987874,s2-eth2,6798.00,316934.00,323732.00,316934,6798,103.00,107.00,210.00,107,103,0.00,0.00,0,0
1406987874,s3-eth1,521312.00,11352.00,532664.00,11352,521312,176.00,172.00,348.00,172,176,0.00,0.00,0,0
1406987874,s3-eth3,5148.00,236960.00,242108.00,236960,5148,78.00,80.00,158.00,80,78,0.00,0.00,0,0
1406987874,s3-eth2,6138.00,287314.00,293452.00,287314,6138,93.00,97.00,190.00,97,93,0.00,0.00,0,0
1406987874,eth0,0.00,0.00,0.00,0,0,0.00,0.00,0.00,0,0,0.00,0.00,0,0
1406987874,lo,0.00,0.00,0.00,0,0,0.00,0.00,0.00,0,0,0.00,0.00,0,0
1406987874,s1,0.00,0.00,0.00,0,0,0.00,0.00,0.00,0,0,0.00,0.00,0,0
1406987874,s4-eth1,236960.00,5148.00,242108.00,5148,236960,80.00,78.00,158.00,78,80,0.00,0.00,0,0
1406987874,s4-eth2,5148.00,236960.00,242108.00,236960,5148,78.00,80.00,158.00,80,78,0.00,0.00,0,0
1406987874,s2,0.00,0.00,0.00,0,0,0.00,0.00,0.00,0,0,0.00,0.00,0,0
1406987874,total,2881666.00,2938010.00,5819676.00,2938010,2881666,1889.00,1909.00,3798.00,1909,1889,0.00,0.00,0,0
1406987875,s3,0.00,460.00,460.00,460,0,0.00,6.00,6.00,6,0,0.00,0.00,0,0
1406987875,s1-eth1,1223606.00,27258.00,1250864.00,27258,1223606,417.00,413.00,830.00,413,417,0.00,0.00,0,0
1406987875,s1-eth3,19030.00,889026.00,908056.00,889026,19030,289.00,307.00,596.00,307,289,0.00,0.00,0,0
1406987875,s1-eth2,8940.00,412004.00,420944.00,412004,8940,136.00,144.00,280.00,144,136,0.00,0.00,0,0
1406987875,s4,0.00,460.00,460.00,460,0,0.00,6.00,6.00,6,0,0.00,0.00,0,0
1406987875,s2-eth1,889026.00,19030.00,908056.00,19030,889026,307.00,289.00,596.00,289,307,0.00,0.00,0,0
1406987875,s2-eth3,12344.00,572064.00,584408.00,572064,12344,188.00,200.00,388.00,200,188,0.00,0.00,0,0
1406987875,s2-eth2,7314.00,317130.00,324444.00,317130,7314,111.00,111.00,222.00,111,111,0.00,0.00,0,0
1406987875,s3-eth1,572064.00,12344.00,584408.00,12344,572064,200.00,188.00,388.00,188,200,0.00,0.00,0,0
1406987875,s3-eth3,5532.00,240118.00,245650.00,240118,5532,84.00,85.00,169.00,85,84,0.00,0.00,0,0
1406987875,s3-eth2,7422.00,329068.00,336490.00,329068,7422,113.00,116.00,229.00,116,113,0.00,0.00,0,0
1406987875,eth0,0.00,0.00,0.00,0,0,0.00,0.00,0.00,0,0,0.00,0.00,0,0
1406987875,lo,14556.00,14556.00,29112.00,14556,14556,139.00,139.00,278.00,139,139,0.00,0.00,0,0
1406987875,s1,0.00,460.00,460.00,460,0,0.00,6.00,6.00,6,0,0.00,0.00,0,0
1406987875,s4-eth1,240118.00,5532.00,245650.00,5532,240118,85.00,84.00,169.00,84,85,0.00,0.00,0,0
1406987875,s4-eth2,5532.00,240118.00,245650.00,240118,5532,84.00,85.00,169.00,85,84,0.00,0.00,0,0
1406987875,s2,0.00,460.00,460.00,460,0,0.00,6.00,6.00,6,0,0.00,0.00,0,0
1406987875,total,3005484.00,3080088.00,6085572.00,3080088,3005484,2153.00,2185.00,4338.00,2185,2153,0.00,0.00,0,0
1406987876,s3,0.00,70.00,70.00,70,0,0.00,1.00,1.00,1,0,0.00,0.00,0,0
1406987876,s1-eth1,1223466.00,27328.00,1250794.00,27328,1223466,415.00,414.00,829.00,414,415,0.00,0.00,0,0
1406987876,s1-eth3,17032.00,838246.00,855278.00,838246,17032,258.00,283.00,541.00,283,258,0.00,0.00,0,0
1406987876,s1-eth2,10366.00,494654.00,505020.00,494654,10366,157.00,167.00,324.00,167,157,0.00,0.00,0,0
1406987876,s4,0.00,70.00,70.00,70,0,0.00,1.00,1.00,1,0,0.00,0.00,0,0
1406987876,s2-eth1,838246.00,17032.00,855278.00,17032,838246,283.00,258.00,541.00,258,283,0.00,0.00,0,0
1406987876,s2-eth3,10828.00,533160.00,543988.00,533160,10828,164.00,180.00,344.00,180,164,0.00,0.00,0,0
1406987876,s2-eth2,6274.00,305086.00,311360.00,305086,6274,95.00,103.00,198.00,103,95,0.00,0.00,0,0
1406987876,s3-eth1,533160.00,10828.00,543988.00,10828,533160,180.00,164.00,344.00,164,180,0.00,0.00,0,0
1406987876,s3-eth3,5284.00,269542.00,274826.00,269542,5284,80.00,91.00,171.00,91,80,0.00,0.00,0,0
1406987876,s3-eth2,5614.00,269542.00,275156.00,269542,5614,85.00,91.00,176.00,91,85,0.00,0.00,0,0
1406987876,eth0,0.00,0.00,0.00,0,0,0.00,0.00,0.00,0,0,0.00,0.00,0,0
1406987876,lo,1072.00,1072.00,2144.00,1072,1072,12.00,12.00,24.00,12,12,0.00,0.00,0,0
1406987876,s1,0.00,70.00,70.00,70,0,0.00,1.00,1.00,1,0,0.00,0.00,0,0
1406987876,s4-eth1,269542.00,5284.00,274826.00,5284,269542,91.00,80.00,171.00,80,91,0.00,0.00,0,0
1406987876,s4-eth2,5284.00,269542.00,274826.00,269542,5284,80.00,91.00,171.00,91,80,0.00,0.00,0,0
1406987876,s2,0.00,70.00,70.00,70,0,0.00,1.00,1.00,1,0,0.00,0.00,0,0
1406987876,total,2926168.00,3041596.00,5967764.00,3041596,2926168,1900.00,1938.00,3838.00,1938,1900,0.00,0.00,0,0
1406987877,s3,0.00,270.00,270.00,270,0,0.00,3.00,3.00,3,0,0.00,0.00,0,0
1406987877,s1-eth1,1208718.00,31622.00,1240340.00,31622,1208718,411.00,411.00,822.00,411,411,0.00,0.00,0,0
1406987877,s1-eth3,21170.00,792692.00,813862.00,792692,21170,273.00,338.00,611.00,338,273,0.00,0.00,0,0
1406987877,s1-eth2,10722.00,384342.00,395064.00,384342,10722,141.00,163.00,304.00,163,141,0.00,0.00,0,0
1406987877,s4,0.00,270.00,270.00,270,0,0.00,3.00,3.00,3,0,0.00,0.00,0,0
1406987877,s2-eth1,792692.00,21170.00,813862.00,21170,792692,338.00,273.00,611.00,273,338,0.00,0.00,0,0
1406987877,s2-eth3,14342.00,521542.00,535884.00,521542,14342,185.00,223.00,408.00,223,185,0.00,0.00,0,0
1406987877,s2-eth2,7098.00,271150.00,278248.00,271150,7098,91.00,115.00,206.00,115,91,0.00,0.00,0,0
1406987877,s3-eth1,521542.00,14342.00,535884.00,14342,521542,223.00,185.00,408.00,185,223,0.00,0.00,0,0
1406987877,s3-eth3,7008.00,232842.00,239850.00,232842,7008,90.00,105.00,195.00,105,90,0.00,0.00,0,0
1406987877,s3-eth2,7604.00,282776.00,290380.00,282776,7604,98.00,116.00,214.00,116,98,0.00,0.00,0,0
1406987877,eth0,0.00,0.00,0.00,0,0,0.00,0.00,0.00,0,0,0.00,0.00,0,0
1406987877,lo,3456.00,3456.00,6912.00,3456,3456,36.00,36.00,72.00,36,36,0.00,0.00,0,0
1406987877,s1,0.00,270.00,270.00,270,0,0.00,3.00,3.00,3,0,0.00,0.00,0,0
1406987877,s4-eth1,232842.00,7008.00,239850.00,7008,232842,105.00,90.00,195.00,90,105,0.00,0.00,0,0
1406987877,s4-eth2,7008.00,232842.00,239850.00,232842,7008,90.00,105.00,195.00,105,90,0.00,0.00,0,0
1406987877,s2,0.00,270.00,270.00,270,0,0.00,3.00,3.00,3,0,0.00,0.00,0,0
1406987877,total,2834202.00,2796864.00,5631066.00,2796864,2834202,2081.00,2172.00,4253.00,2172,2081,0.00,0.00,0,0
1406987878,s3,0.00,180.00,180.00,180,0,0.00,2.00,2.00,2,0,0.00,0.00,0,0
1406987878,s1-eth1,1241768.00,59610.00,1301378.00,59610,1241768,692.00,685.00,1377.00,685,692,0.00,0.00,0,0
1406987878,s1-eth3,39000.00,843142.00,882142.00,843142,39000,462.00,423.00,885.00,423,462,0.00,0.00,0,0
1406987878,s1-eth2,20724.00,375752.00,396476.00,375752,20724,224.00,208.00,432.00,208,224,0.00,0.00,0,0
1406987878,s4,0.00,180.00,180.00,180,0,0.00,2.00,2.00,2,0,0.00,0.00,0,0
1406987878,s2-eth1,843142.00,39000.00,882142.00,39000,843142,423.00,462.00,885.00,462,423,0.00,0.00,0,0
1406987878,s2-eth3,29268.00,602164.00,631432.00,602164,29268,344.00,326.00,670.00,326,344,0.00,0.00,0,0
1406987878,s2-eth2,9912.00,255788.00,265700.00,255788,9912,120.00,102.00,222.00,102,120,0.00,0.00,0,0
1406987878,s3-eth1,602164.00,29268.00,631432.00,29268,602164,326.00,344.00,670.00,344,326,0.00,0.00,0,0
1406987878,s3-eth3,14194.00,301476.00,315670.00,301476,14194,171.00,158.00,329.00,158,171,0.00,0.00,0,0
1406987878,s3-eth2,15188.00,303650.00,318838.00,303650,15188,174.00,169.00,343.00,169,174,0.00,0.00,0,0
1406987878,eth0,0.00,0.00,0.00,0,0,0.00,0.00,0.00,0,0,0.00,0.00,0,0
1406987878,lo,2304.00,2304.00,4608.00,2304,2304,24.00,24.00,48.00,24,24,0.00,0.00,0,0
1406987878,s1,0.00,180.00,180.00,180,0,0.00,2.00,2.00,2,0,0.00,0.00,0,0
1406987878,s4-eth1,301476.00,14194.00,315670.00,14194,301476,158.00,171.00,329.00,171,158,0.00,0.00,0,0
1406987878,s4-eth2,14194.00,301476.00,315670.00,301476,14194,171.00,158.00,329.00,158,171,0.00,0.00,0,0
1406987878,s2,0.00,180.00,180.00,180,0,0.00,2.00,2.00,2,0,0.00,0.00,0,0
1406987878,total,3133334.00,3128544.00,6261878.00,3128544,3133334,3289.00,3238.00,6527.00,3238,3289,0.00,0.00,0,0
1406987879,s3,0.00,370.00,370.00,370,0,0.00,5.00,5.00,5,0,0.00,0.00,0,0
1406987879,s1-eth1,1225846.00,27984.00,1253830.00,27984,1225846,429.00,424.00,853.00,424,429,0.00,0.00,0,0
1406987879,s1-eth3,20332.00,924444.00,944776.00,924444,20332,308.00,316.00,624.00,316,308,0.00,0.00,0,0
1406987879,s1-eth2,8088.00,379206.00,387294.00,379206,8088,122.00,129.00,251.00,129,122,0.00,0.00,0,0
1406987879,s4,0.00,370.00,370.00,370,0,0.00,5.00,5.00,5,0,0.00,0.00,0,0
1406987879,s2-eth1,924444.00,20332.00,944776.00,20332,924444,316.00,308.00,624.00,308,316,0.00,0.00,0,0
1406987879,s2-eth3,13496.00,586616.00,600112.00,586616,13496,204.00,200.00,404.00,200,204,0.00,0.00,0,0
1406987879,s2-eth2,7206.00,323018.00,330224.00,323018,7206,109.00,111.00,220.00,111,109,0.00,0.00,0,0
1406987879,s3-eth1,586616.00,13496.00,600112.00,13496,586616,200.00,204.00,404.00,204,200,0.00,0.00,0,0
1406987879,s3-eth3,6702.00,296270.00,302972.00,296270,6702,101.00,101.00,202.00,101,101,0.00,0.00,0,0
1406987879,s3-eth2,7230.00,290346.00,297576.00,290346,7230,109.00,99.00,208.00,99,109,0.00,0.00,0,0
1406987879,eth0,0.00,0.00,0.00,0,0,0.00,0.00,0.00,0,0,0.00,0.00,0,0
1406987879,lo,5440.00,5440.00,10880.00,5440,5440,60.00,60.00,120.00,60,60,0.00,0.00,0,0
1406987879,s1,0.00,370.00,370.00,370,0,0.00,5.00,5.00,5,0,0.00,0.00,0,0
1406987879,s4-eth1,296270.00,6702.00,302972.00,6702,296270,101.00,101.00,202.00,101,101,0.00,0.00,0,0
1406987879,s4-eth2,6702.00,296270.00,302972.00,296270,6702,101.00,101.00,202.00,101,101,0.00,0.00,0,0
1406987879,s2,0.00,370.00,370.00,370,0,0.00,5.00,5.00,5,0,0.00,0.00,0,0
1406987879,total,3108372.00,3171604.00,6279976.00,3171604,3108372,2160.00,2174.00,4334.00,2174,2160,0.00,0.00,0,0
1406987880,s3,0.00,70.00,70.00,70,0,0.00,1.00,1.00,1,0,0.00,0.00,0,0
1406987880,s1-eth1,1223376.00,27328.00,1250704.00,27328,1223376,414.00,414.00,828.00,414,414,0.00,0.00,0,0
1406987880,s1-eth3,18814.00,856018.00,874832.00,856018,18814,285.00,289.00,574.00,289,285,0.00,0.00,0,0
1406987880,s1-eth2,8584.00,388022.00,396606.00,388022,8584,130.00,131.00,261.00,131,130,0.00,0.00,0,0
1406987880,s4,0.00,70.00,70.00,70,0,0.00,1.00,1.00,1,0,0.00,0.00,0,0
1406987880,s2-eth1,856018.00,18814.00,874832.00,18814,856018,289.00,285.00,574.00,285,289,0.00,0.00,0,0
1406987880,s2-eth3,11884.00,542046.00,553930.00,542046,11884,180.00,183.00,363.00,183,180,0.00,0.00,0,0
1406987880,s2-eth2,7000.00,316934.00,323934.00,316934,7000,106.00,107.00,213.00,107,106,0.00,0.00,0,0
1406987880,s3-eth1,542046.00,11884.00,553930.00,11884,542046,183.00,180.00,363.00,180,183,0.00,0.00,0,0
1406987880,s3-eth3,5812.00,260656.00,266468.00,260656,5812,88.00,88.00,176.00,88,88,0.00,0.00,0,0
1406987880,s3-eth2,6142.00,278428.00,284570.00,278428,6142,93.00,94.00,187.00,94,93,0.00,0.00,0,0
1406987880,eth0,0.00,374.00,374.00,374,0,0.00,2.00,2.00,2,0,0.00,0.00,0,0
1406987880,lo,1072.00,1072.00,2144.00,1072,1072,12.00,12.00,24.00,12,12,0.00,0.00,0,0
1406987880,s1,0.00,70.00,70.00,70,0,0.00,1.00,1.00,1,0,0.00,0.00,0,0
1406987880,s4-eth1,260656.00,5812.00,266468.00,5812,260656,88.00,88.00,176.00,88,88,0.00,0.00,0,0
1406987880,s4-eth2,5812.00,260656.00,266468.00,260656,5812,88.00,88.00,176.00,88,88,0.00,0.00,0,0
1406987880,s2,0.00,70.00,70.00,70,0,0.00,1.00,1.00,1,0,0.00,0.00,0,0
1406987880,total,2947216.00,2968324.00,5915540.00,2968324,2947216,1956.00,1965.00,3921.00,1965,1956,0.00,0.00,0,0
1406987881,s3,0.00,0.00,0.00,0,0,0.00,0.00,0.00,0,0,0.00,0.00,0,0
1406987881,s1-eth1,1223306.00,27258.00,1250564.00,27258,1223306,413.00,413.00,826.00,413,413,0.00,0.00,0,0
1406987881,s1-eth3,18744.00,841208.00,859952.00,841208,18744,284.00,284.00,568.00,284,284,0.00,0.00,0,0
1406987881,s1-eth2,8514.00,385060.00,393574.00,385060,8514,129.00,130.00,259.00,130,129,0.00,0.00,0,0
1406987881,s4,0.00,0.00,0.00,0,0,0.00,0.00,0.00,0,0,0.00,0.00,0,0
1406987881,s2-eth1,841208.00,18744.00,859952.00,18744,841208,284.00,284.00,568.00,284,284,0.00,0.00,0,0
1406987881,s2-eth3,12078.00,542046.00,554124.00,542046,12078,183.00,183.00,366.00,183,183,0.00,0.00,0,0
1406987881,s2-eth2,6666.00,296200.00,302866.00,296200,6666,101.00,100.00,201.00,100,101,0.00,0.00,0,0
1406987881,s3-eth1,542046.00,12078.00,554124.00,12078,542046,183.00,183.00,366.00,183,183,0.00,0.00,0,0
1406987881,s3-eth3,5742.00,257694.00,263436.00,257694,5742,87.00,87.00,174.00,87,87,0.00,0.00,0,0
1406987881,s3-eth2,6336.00,284352.00,290688.00,284352,6336,96.00,96.00,192.00,96,96,0.00,0.00,0,0
1406987881,eth0,0.00,0.00,0.00,0,0,0.00,0.00,0.00,0,0,0.00,0.00,0,0
1406987881,lo,0.00,0.00,0.00,0,0,0.00,0.00,0.00,0,0,0.00,0.00,0,0
1406987881,s1,0.00,0.00,0.00,0,0,0.00,0.00,0.00,0,0,0.00,0.00,0,0
1406987881,s4-eth1,257694.00,5742.00,263436.00,5742,257694,87.00,87.00,174.00,87,87,0.00,0.00,0,0
1406987881,s4-eth2,5742.00,257694.00,263436.00,257694,5742,87.00,87.00,174.00,87,87,0.00,0.00,0,0
1406987881,s2,0.00,0.00,0.00,0,0,0.00,0.00,0.00,0,0,0.00,0.00,0,0
1406987881,total,2928076.00,2928076.00,5856152.00,2928076,2928076,1934.00,1934.00,3868.00,1934,1934,0.00,0.00,0,0
1406987882,s3,0.00,0.00,0.00,0,0,0.00,0.00,0.00,0,0,0.00,0.00,0,0
1406987882,s1-eth1,1223306.00,27324.00,1250630.00,27324,1223306,413.00,414.00,827.00,414,413,0.00,0.00,0,0
1406987882,s1-eth3,18612.00,835284.00,853896.00,835284,18612,282.00,282.00,564.00,282,282,0.00,0.00,0,0
1406987882,s1-eth2,8646.00,388022.00,396668.00,388022,8646,131.00,131.00,262.00,131,131,0.00,0.00,0,0
1406987882,s4,0.00,0.00,0.00,0,0,0.00,0.00,0.00,0,0,0.00,0.00,0,0
1406987882,s2-eth1,835284.00,18612.00,853896.00,18612,835284,282.00,282.00,564.00,282,282,0.00,0.00,0,0
1406987882,s2-eth3,12012.00,536122.00,548134.00,536122,12012,182.00,181.00,363.00,181,182,0.00,0.00,0,0
1406987882,s2-eth2,6600.00,299162.00,305762.00,299162,6600,100.00,101.00,201.00,101,100,0.00,0.00,0,0
1406987882,s3-eth1,539084.00,12012.00,551096.00,12012,539084,182.00,182.00,364.00,182,182,0.00,0.00,0,0
1406987882,s3-eth3,5676.00,254732.00,260408.00,254732,5676,86.00,86.00,172.00,86,86,0.00,0.00,0,0
1406987882,s3-eth2,6336.00,284352.00,290688.00,284352,6336,96.00,96.00,192.00,96,96,0.00,0.00,0,0
1406987882,eth0,0.00,0.00,0.00,0,0,0.00,0.00,0.00,0,0,0.00,0.00,0,0
1406987882,lo,0.00,0.00,0.00,0,0,0.00,0.00,0.00,0,0,0.00,0.00,0,0
1406987882,s1,0.00,0.00,0.00,0,0,0.00,0.00,0.00,0,0,0.00,0.00,0,0
1406987882,s4-eth1,254732.00,5676.00,260408.00,5676,254732,86.00,86.00,172.00,86,86,0.00,0.00,0,0
1406987882,s4-eth2,5676.00,254732.00,260408.00,254732,5676,86.00,86.00,172.00,86,86,0.00,0.00,0,0
1406987882,s2,0.00,0.00,0.00,0,0,0.00,0.00,0.00,0,0,0.00,0.00,0,0
1406987882,total,2915964.00,2916030.00,5831994.00,2916030,2915964,1926.00,1927.00,3853.00,1927,1926,0.00,0.00,0,0
1406987883,s3,0.00,0.00,0.00,0,0,0.00,0.00,0.00,0,0,0.00,0.00,0,0
1406987883,s1-eth1,1223306.00,27258.00,1250564.00,27258,1223306,413.00,413.00,826.00,413,413,0.00,0.00,0,0
1406987883,s1-eth3,18810.00,856018.00,874828.00,856018,18810,285.00,289.00,574.00,289,285,0.00,0.00,0,0
1406987883,s1-eth2,8448.00,382098.00,390546.00,382098,8448,128.00,129.00,257.00,129,128,0.00,0.00,0,0
1406987883,s4,0.00,0.00,0.00,0,0,0.00,0.00,0.00,0,0,0.00,0.00,0,0
1406987883,s2-eth1,856018.00,18810.00,874828.00,18810,856018,289.00,285.00,574.00,285,289,0.00,0.00,0,0
1406987883,s2-eth3,12210.00,559818.00,572028.00,559818,12210,185.00,189.00,374.00,189,185,0.00,0.00,0,0
1406987883,s2-eth2,6600.00,296200.00,302800.00,296200,6600,100.00,100.00,200.00,100,100,0.00,0.00,0,0
1406987883,s3-eth1,556856.00,12210.00,569066.00,12210,556856,188.00,185.00,373.00,185,188,0.00,0.00,0,0
1406987883,s3-eth3,5808.00,266580.00,272388.00,266580,5808,88.00,90.00,178.00,90,88,0.00,0.00,0,0
1406987883,s3-eth2,6402.00,290276.00,296678.00,290276,6402,97.00,98.00,195.00,98,97,0.00,0.00,0,0
1406987883,eth0,0.00,0.00,0.00,0,0,0.00,0.00,0.00,0,0,0.00,0.00,0,0
1406987883,lo,0.00,0.00,0.00,0,0,0.00,0.00,0.00,0,0,0.00,0.00,0,0
1406987883,s1,0.00,0.00,0.00,0,0,0.00,0.00,0.00,0,0,0.00,0.00,0,0
1406987883,s4-eth1,266580.00,5808.00,272388.00,5808,266580,90.00,88.00,178.00,88,90,0.00,0.00,0,0
1406987883,s4-eth2,5808.00,266580.00,272388.00,266580,5808,88.00,90.00,178.00,90,88,0.00,0.00,0,0
1406987883,s2,0.00,0.00,0.00,0,0,0.00,0.00,0.00,0,0,0.00,0.00,0,0
1406987883,total,2966846.00,2981656.00,5948502.00,2981656,2966846,1951.00,1956.00,3907.00,1956,1951,0.00,0.00,0,0
1406987884,s3,0.00,0.00,0.00,0,0,0.00,0.00,0.00,0,0,0.00,0.00,0,0
1406987884,s1-eth1,1223306.00,27258.00,1250564.00,27258,1223306,413.00,413.00,826.00,413,413,0.00,0.00,0,0
1406987884,s1-eth3,18810.00,870828.00,889638.00,870828,18810,285.00,294.00,579.00,294,285,0.00,0.00,0,0
1406987884,s1-eth2,8448.00,385060.00,393508.00,385060,8448,128.00,130.00,258.00,130,128,0.00,0.00,0,0
1406987884,s4,0.00,0.00,0.00,0,0,0.00,0.00,0.00,0,0,0.00,0.00,0,0
1406987884,s2-eth1,870828.00,18810.00,889638.00,18810,870828,294.00,285.00,579.00,285,294,0.00,0.00,0,0
1406987884,s2-eth3,12738.00,586476.00,599214.00,586476,12738,193.00,198.00,391.00,198,193,0.00,0.00,0,0
1406987884,s2-eth2,6072.00,287314.00,293386.00,287314,6072,92.00,97.00,189.00,97,92,0.00,0.00,0,0
1406987884,s3-eth1,586476.00,12738.00,599214.00,12738,586476,198.00,193.00,391.00,193,198,0.00,0.00,0,0
1406987884,s3-eth3,6336.00,296200.00,302536.00,296200,6336,96.00,100.00,196.00,100,96,0.00,0.00,0,0
1406987884,s3-eth2,6402.00,293238.00,299640.00,293238,6402,97.00,99.00,196.00,99,97,0.00,0.00,0,0
1406987884,eth0,0.00,0.00,0.00,0,0,0.00,0.00,0.00,0,0,0.00,0.00,0,0
1406987884,lo,688.00,688.00,1376.00,688,688,12.00,12.00,24.00,12,12,0.00,0.00,0,0
1406987884,s1,0.00,0.00,0.00,0,0,0.00,0.00,0.00,0,0,0.00,0.00,0,0
1406987884,s4-eth1,296200.00,6336.00,302536.00,6336,296200,100.00,96.00,196.00,96,100,0.00,0.00,0,0
1406987884,s4-eth2,6336.00,296200.00,302536.00,296200,6336,96.00,100.00,196.00,100,96,0.00,0.00,0,0
1406987884,s2,0.00,0.00,0.00,0,0,0.00,0.00,0.00,0,0,0.00,0.00,0,0
1406987884,total,3042640.00,3081146.00,6123786.00,3081146,3042640,2004.00,2017.00,4021.00,2017,2004,0.00,0.00,0,0
1406987885,s3,0.00,0.00,0.00,0,0,0.00,0.00,0.00,0,0,0.00,0.00,0,0
1406987885,s1-eth1,1223306.00,27258.00,1250564.00,27258,1223306,413.00,413.00,826.00,413,413,0.00,0.00,0,0
1406987885,s1-eth3,18678.00,891562.00,910240.00,891562,18678,283.00,301.00,584.00,301,283,0.00,0.00,0,0
1406987885,s1-eth2,8580.00,399870.00,408450.00,399870,8580,130.00,135.00,265.00,135,130,0.00,0.00,0,0
1406987885,s4,0.00,0.00,0.00,0,0,0.00,0.00,0.00,0,0,0.00,0.00,0,0
1406987885,s2-eth1,891562.00,18678.00,910240.00,18678,891562,301.00,283.00,584.00,283,301,0.00,0.00,0,0
1406987885,s2-eth3,12276.00,586476.00,598752.00,586476,12276,186.00,198.00,384.00,198,186,0.00,0.00,0,0
1406987885,s2-eth2,6402.00,305086.00,311488.00,305086,6402,97.00,103.00,200.00,103,97,0.00,0.00,0,0
1406987885,s3-eth1,586476.00,12276.00,598752.00,12276,586476,198.00,186.00,384.00,186,198,0.00,0.00,0,0
1406987885,s3-eth3,5478.00,266580.00,272058.00,266580,5478,83.00,90.00,173.00,90,83,0.00,0.00,0,0
1406987885,s3-eth2,6798.00,325820.00,332618.00,325820,6798,103.00,110.00,213.00,110,103,0.00,0.00,0,0
1406987885,eth0,0.00,0.00,0.00,0,0,0.00,0.00,0.00,0,0,0.00,0.00,0,0
1406987885,lo,0.00,0.00,0.00,0,0,0.00,0.00,0.00,0,0,0.00,0.00,0,0
1406987885,s1,0.00,0.00,0.00,0,0,0.00,0.00,0.00,0,0,0.00,0.00,0,0
1406987885,s4-eth1,266580.00,5478.00,272058.00,5478,266580,90.00,83.00,173.00,83,90,0.00,0.00,0,0
1406987885,s4-eth2,5478.00,266580.00,272058.00,266580,5478,83.00,90.00,173.00,90,83,0.00,0.00,0,0
1406987885,s2,0.00,0.00,0.00,0,0,0.00,0.00,0.00,0,0,0.00,0.00,0,0
1406987885,total,3031614.00,3105664.00,6137278.00,3105664,3031614,1967.00,1992.00,3959.00,1992,1967,0.00,0.00,0,0
1406987886,s3,0.00,0.00,0.00,0,0,0.00,0.00,0.00,0,0,0.00,0.00,0,0
1406987886,s1-eth1,1223306.00,27258.00,1250564.00,27258,1223306,413.00,413.00,826.00,413,413,0.00,0.00,0,0
1406987886,s1-eth3,19932.00,989308.00,1009240.00,989308,19932,302.00,334.00,636.00,334,302,0.00,0.00,0,0
1406987886,s1-eth2,7392.00,355440.00,362832.00,355440,7392,112.00,120.00,232.00,120,112,0.00,0.00,0,0
1406987886,s4,0.00,0.00,0.00,0,0,0.00,0.00,0.00,0,0,0.00,0.00,0,0
1406987886,s2-eth1,989308.00,19932.00,1009240.00,19932,989308,334.00,302.00,636.00,302,334,0.00,0.00,0,0
1406987886,s2-eth3,12936.00,648678.00,661614.00,648678,12936,196.00,219.00,415.00,219,196,0.00,0.00,0,0
1406987886,s2-eth2,6930.00,343592.00,350522.00,343592,6930,105.00,116.00,221.00,116,105,0.00,0.00,0,0
1406987886,s3-eth1,648678.00,12936.00,661614.00,12936,648678,219.00,196.00,415.00,196,219,0.00,0.00,0,0
1406987886,s3-eth3,6468.00,322858.00,329326.00,322858,6468,98.00,109.00,207.00,109,98,0.00,0.00,0,0
1406987886,s3-eth2,6468.00,322858.00,329326.00,322858,6468,98.00,109.00,207.00,109,98,0.00,0.00,0,0
1406987886,eth0,0.00,0.00,0.00,0,0,0.00,0.00,0.00,0,0,0.00,0.00,0,0
1406987886,lo,0.00,0.00,0.00,0,0,0.00,0.00,0.00,0,0,0.00,0.00,0,0
1406987886,s1,0.00,0.00,0.00,0,0,0.00,0.00,0.00,0,0,0.00,0.00,0,0
1406987886,s4-eth1,322858.00,6468.00,329326.00,6468,322858,109.00,98.00,207.00,98,109,0.00,0.00,0,0
1406987886,s4-eth2,6468.00,322858.00,329326.00,322858,6468,98.00,109.00,207.00,109,98,0.00,0.00,0,0
1406987886,s2,0.00,0.00,0.00,0,0,0.00,0.00,0.00,0,0,0.00,0.00,0,0
1406987886,total,3250744.00,3372186.00,6622930.00,3372186,3250744,2084.00,2125.00,4209.00,2125,2084,0.00,0.00,0,0
1406987887,s3,0.00,0.00,0.00,0,0,0.00,0.00,0.00,0,0,0.00,0.00,0,0
1406987887,s1-eth1,1231288.00,44862.00,1276150.00,44862,1231288,512.00,511.00,1023.00,511,512,0.00,0.00,0,0
1406987887,s1-eth3,34310.00,875728.00,910038.00,875728,34310,393.00,456.00,849.00,456,393,0.00,0.00,0,0
1406987887,s1-eth2,10458.00,294566.00,305024.00,294566,10458,117.00,163.00,280.00,163,117,0.00,0.00,0,0
1406987887,s4,0.00,0.00,0.00,0,0,0.00,0.00,0.00,0,0,0.00,0.00,0,0
1406987887,s2-eth1,875728.00,34310.00,910038.00,34310,875728,456.00,393.00,849.00,393,456,0.00,0.00,0,0
1406987887,s2-eth3,21904.00,529096.00,551000.00,529096,21904,254.00,272.00,526.00,272,254,0.00,0.00,0,0
1406987887,s2-eth2,12472.00,340708.00,353180.00,340708,12472,140.00,182.00,322.00,182,140,0.00,0.00,0,0
1406987887,s3-eth1,529096.00,21904.00,551000.00,21904,529096,272.00,254.00,526.00,254,272,0.00,0.00,0,0
1406987887,s3-eth3,11710.00,331950.00,343660.00,331950,11710,139.00,159.00,298.00,159,139,0.00,0.00,0,0
1406987887,s3-eth2,10194.00,191222.00,201416.00,191222,10194,115.00,111.00,226.00,111,115,0.00,0.00,0,0
1406987887,eth0,0.00,0.00,0.00,0,0,0.00,0.00,0.00,0,0,0.00,0.00,0,0
1406987887,lo,0.00,0.00,0.00,0,0,0.00,0.00,0.00,0,0,0.00,0.00,0,0
1406987887,s1,0.00,0.00,0.00,0,0,0.00,0.00,0.00,0,0,0.00,0.00,0,0
1406987887,s4-eth1,331950.00,11710.00,343660.00,11710,331950,159.00,139.00,298.00,139,159,0.00,0.00,0,0
1406987887,s4-eth2,11710.00,331950.00,343660.00,331950,11710,139.00,159.00,298.00,159,139,0.00,0.00,0,0
1406987887,s2,0.00,0.00,0.00,0,0,0.00,0.00,0.00,0,0,0.00,0.00,0,0
1406987887,total,3080820.00,3008006.00,6088826.00,3008006,3080820,2696.00,2799.00,5495.00,2799,2696,0.00,0.00,0,0
1406987888,s3,0.00,0.00,0.00,0,0,0.00,0.00,0.00,0,0,0.00,0.00,0,0
1406987888,s1-eth1,1244738.00,60416.00,1305154.00,60416,1244738,733.00,700.00,1433.00,700,733,0.00,0.00,0,0
1406987888,s1-eth3,46336.00,926728.00,973064.00,926728,46336,536.00,500.00,1036.00,500,536,0.00,0.00,0,0
1406987888,s1-eth2,14108.00,327284.00,341392.00,327284,14108,164.00,198.00,362.00,198,164,0.00,0.00,0,0
1406987888,s4,0.00,0.00,0.00,0,0,0.00,0.00,0.00,0,0,0.00,0.00,0,0
1406987888,s2-eth1,926728.00,46336.00,973064.00,46336,926728,500.00,536.00,1036.00,536,500,0.00,0.00,0,0
1406987888,s2-eth3,27346.00,592666.00,620012.00,592666,27346,319.00,309.00,628.00,309,319,0.00,0.00,0,0
1406987888,s2-eth2,18990.00,334062.00,353052.00,334062,18990,217.00,191.00,408.00,191,217,0.00,0.00,0,0
1406987888,s3-eth1,592666.00,27346.00,620012.00,27346,592666,309.00,319.00,628.00,319,309,0.00,0.00,0,0
1406987888,s3-eth3,13744.00,276790.00,290534.00,276790,13744,150.00,135.00,285.00,135,150,0.00,0.00,0,0
1406987888,s3-eth2,13602.00,315876.00,329478.00,315876,13602,169.00,174.00,343.00,174,169,0.00,0.00,0,0
1406987888,eth0,0.00,0.00,0.00,0,0,0.00,0.00,0.00,0,0,0.00,0.00,0,0
1406987888,lo,0.00,0.00,0.00,0,0,0.00,0.00,0.00,0,0,0.00,0.00,0,0
1406987888,s1,0.00,0.00,0.00,0,0,0.00,0.00,0.00,0,0,0.00,0.00,0,0
1406987888,s4-eth1,276790.00,13744.00,290534.00,13744,276790,135.00,150.00,285.00,150,135,0.00,0.00,0,0
1406987888,s4-eth2,13744.00,276790.00,290534.00,276790,13744,150.00,135.00,285.00,135,150,0.00,0.00,0,0
1406987888,s2,0.00,0.00,0.00,0,0,0.00,0.00,0.00,0,0,0.00,0.00,0,0
1406987888,total,3188792.00,3198038.00,6386830.00,3198038,3188792,3382.00,3347.00,6729.00,3347,3382,0.00,0.00,0,0
1406987889,s3,0.00,0.00,0.00,0,0,0.00,0.00,0.00,0,0,0.00,0.00,0,0
1406987889,s1-eth1,1225220.00,27390.00,1252610.00,27390,1225220,442.00,415.00,857.00,415,442,0.00,0.00,0,0
1406987889,s1-eth3,21516.00,989308.00,1010824.00,989308,21516,326.00,334.00,660.00,334,326,0.00,0.00,0,0
1406987889,s1-eth2,5874.00,272504.00,278378.00,272504,5874,89.00,92.00,181.00,92,89,0.00,0.00,0,0
1406987889,s4,0.00,0.00,0.00,0,0,0.00,0.00,0.00,0,0,0.00,0.00,0,0
1406987889,s2-eth1,989308.00,21516.00,1010824.00,21516,989308,334.00,326.00,660.00,326,334,0.00,0.00,0,0
1406987889,s2-eth3,13068.00,601286.00,614354.00,601286,13068,198.00,203.00,401.00,203,198,0.00,0.00,0,0
1406987889,s2-eth2,8448.00,388022.00,396470.00,388022,8448,128.00,131.00,259.00,131,128,0.00,0.00,0,0
1406987889,s3-eth1,601286.00,13068.00,614354.00,13068,601286,203.00,198.00,401.00,198,203,0.00,0.00,0,0
1406987889,s3-eth3,7986.00,364326.00,372312.00,364326,7986,121.00,123.00,244.00,123,121,0.00,0.00,0,0
1406987889,s3-eth2,5082.00,236960.00,242042.00,236960,5082,77.00,80.00,157.00,80,77,0.00,0.00,0,0
1406987889,eth0,0.00,0.00,0.00,0,0,0.00,0.00,0.00,0,0,0.00,0.00,0,0
1406987889,lo,688.00,688.00,1376.00,688,688,12.00,12.00,24.00,12,12,0.00,0.00,0,0
1406987889,s1,0.00,0.00,0.00,0,0,0.00,0.00,0.00,0,0,0.00,0.00,0,0
1406987889,s4-eth1,364326.00,7986.00,372312.00,7986,364326,123.00,121.00,244.00,121,123,0.00,0.00,0,0
1406987889,s4-eth2,7986.00,367288.00,375274.00,367288,7986,121.00,124.00,245.00,124,121,0.00,0.00,0,0
1406987889,s2,0.00,0.00,0.00,0,0,0.00,0.00,0.00,0,0,0.00,0.00,0,0
1406987889,total,3250788.00,3290342.00,6541130.00,3290342,3250788,2174.00,2159.00,4333.00,2159,2174,0.00,0.00,0,0
1406987890,s3,0.00,0.00,0.00,0,0,0.00,0.00,0.00,0,0,0.00,0.00,0,0
1406987890,s1-eth1,1223306.00,27258.00,1250564.00,27258,1223306,413.00,413.00,826.00,413,413,0.00,0.00,0,0
1406987890,s1-eth3,21252.00,968574.00,989826.00,968574,21252,322.00,327.00,649.00,327,322,0.00,0.00,0,0
1406987890,s1-eth2,6006.00,272504.00,278510.00,272504,6006,91.00,92.00,183.00,92,91,0.00,0.00,0,0
1406987890,s4,0.00,0.00,0.00,0,0,0.00,0.00,0.00,0,0,0.00,0.00,0,0
1406987890,s2-eth1,968574.00,21252.00,989826.00,21252,968574,327.00,322.00,649.00,322,327,0.00,0.00,0,0
1406987890,s2-eth3,13332.00,607210.00,620542.00,607210,13332,202.00,205.00,407.00,205,202,0.00,0.00,0,0
1406987890,s2-eth2,7920.00,361364.00,369284.00,361364,7920,120.00,122.00,242.00,122,120,0.00,0.00,0,0
1406987890,s3-eth1,607210.00,13332.00,620542.00,13332,607210,205.00,202.00,407.00,202,205,0.00,0.00,0,0
1406987890,s3-eth3,7854.00,358402.00,366256.00,358402,7854,119.00,121.00,240.00,121,119,0.00,0.00,0,0
1406987890,s3-eth2,5478.00,248808.00,254286.00,248808,5478,83.00,84.00,167.00,84,83,0.00,0.00,0,0
1406987890,eth0,0.00,0.00,0.00,0,0,0.00,0.00,0.00,0,0,0.00,0.00,0,0
1406987890,lo,0.00,0.00,0.00,0,0,0.00,0.00,0.00,0,0,0.00,0.00,0,0
1406987890,s1,0.00,0.00,0.00,0,0,0.00,0.00,0.00,0,0,0.00,0.00,0,0
1406987890,s4-eth1,358402.00,7854.00,366256.00,7854,358402,121.00,119.00,240.00,119,121,0.00,0.00,0,0
1406987890,s4-eth2,7854.00,358402.00,366256.00,358402,7854,119.00,121.00,240.00,121,119,0.00,0.00,0,0
1406987890,s2,0.00,0.00,0.00,0,0,0.00,0.00,0.00,0,0,0.00,0.00,0,0
1406987890,total,3227188.00,3244960.00,6472148.00,3244960,3227188,2122.00,2128.00,4250.00,2128,2122,0.00,0.00,0,0
1406987891,s3,0.00,0.00,0.00,0,0,0.00,0.00,0.00,0,0,0.00,0.00,0,0
1406987891,s1-eth1,1222084.00,27230.77,1249314.75,27258,1223306,412.59,412.59,825.17,413,413,0.00,0.00,0,0
1406987891,s1-eth3,21032.97,943934.06,964967.06,944878,21054,318.68,318.68,637.36,319,319,0.00,0.00,0,0
1406987891,s1-eth2,6197.80,278149.84,284347.66,278428,6204,93.91,93.91,187.81,94,94,0.00,0.00,0,0
1406987891,s4,0.00,0.00,0.00,0,0,0.00,0.00,0.00,0,0,0.00,0.00,0,0
1406987891,s2-eth1,944878.00,21054.00,965932.00,21054,944878,319.00,319.00,638.00,319,319,0.00,0.00,0,0
1406987891,s2-eth3,13200.00,592400.00,605600.00,592400,13200,200.00,200.00,400.00,200,200,0.00,0.00,0,0
1406987891,s2-eth2,7854.00,355440.00,363294.00,355440,7854,119.00,120.00,239.00,120,119,0.00,0.00,0,0
1406987891,s3-eth1,592400.00,13200.00,605600.00,13200,592400,200.00,200.00,400.00,200,200,0.00,0.00,0,0
1406987891,s3-eth3,8514.00,382098.00,390612.00,382098,8514,129.00,129.00,258.00,129,129,0.00,0.00,0,0
1406987891,s3-eth2,4686.00,210302.00,214988.00,210302,4686,71.00,71.00,142.00,71,71,0.00,0.00,0,0
1406987891,eth0,0.00,0.00,0.00,0,0,0.00,0.00,0.00,0,0,0.00,0.00,0,0
1406987891,lo,0.00,0.00,0.00,0,0,0.00,0.00,0.00,0,0,0.00,0.00,0,0
1406987891,s1,0.00,0.00,0.00,0,0,0.00,0.00,0.00,0,0,0.00,0.00,0,0
1406987891,s4-eth1,382098.00,8514.00,390612.00,8514,382098,129.00,129.00,258.00,129,129,0.00,0.00,0,0
1406987891,s4-eth2,8448.00,379136.00,387584.00,379136,8448,128.00,128.00,256.00,128,128,0.00,0.00,0,0
1406987891,s2,0.00,0.00,0.00,0,0,0.00,0.00,0.00,0,0,0.00,0.00,0,0
1406987891,total,3212642.00,3212708.00,6425350.00,3212708,3212642,2121.00,2122.00,4243.00,2122,2121,0.00,0.00,0,0
1406987892,s3,0.00,0.00,0.00,0,0,0.00,0.00,0.00,0,0,0.00,0.00,0,0
1406987892,s1-eth1,1223306.00,27258.00,1250564.00,27258,1223306,413.00,413.00,826.00,413,413,0.00,0.00,0,0
1406987892,s1-eth3,21978.00,983384.00,1005362.00,983384,21978,333.00,332.00,665.00,332,333,0.00,0.00,0,0
1406987892,s1-eth2,5346.00,242884.00,248230.00,242884,5346,81.00,82.00,163.00,82,81,0.00,0.00,0,0
1406987892,s4,0.00,0.00,0.00,0,0,0.00,0.00,0.00,0,0,0.00,0.00,0,0
1406987892,s2-eth1,983384.00,21978.00,1005362.00,21978,983384,332.00,333.00,665.00,333,332,0.00,0.00,0,0
1406987892,s2-eth3,13266.00,595362.00,608628.00,595362,13266,201.00,201.00,402.00,201,201,0.00,0.00,0,0
1406987892,s2-eth2,8646.00,388022.00,396668.00,388022,8646,131.00,131.00,262.00,131,131,0.00,0.00,0,0
1406987892,s3-eth1,595362.00,13266.00,608628.00,13266,595362,201.00,201.00,402.00,201,201,0.00,0.00,0,0
1406987892,s3-eth3,7590.00,340630.00,348220.00,340630,7590,115.00,115.00,230.00,115,115,0.00,0.00,0,0
1406987892,s3-eth2,5676.00,254732.00,260408.00,254732,5676,86.00,86.00,172.00,86,86,0.00,0.00,0,0
1406987892,eth0,0.00,0.00,0.00,0,0,0.00,0.00,0.00,0,0,0.00,0.00,0,0
1406987892,lo,0.00,0.00,0.00,0,0,0.00,0.00,0.00,0,0,0.00,0.00,0,0
1406987892,s1,0.00,0.00,0.00,0,0,0.00,0.00,0.00,0,0,0.00,0.00,0,0
1406987892,s4-eth1,340630.00,7590.00,348220.00,7590,340630,115.00,115.00,230.00,115,115,0.00,0.00,0,0
1406987892,s4-eth2,7656.00,343592.00,351248.00,343592,7656,116.00,116.00,232.00,116,116,0.00,0.00,0,0
1406987892,s2,0.00,0.00,0.00,0,0,0.00,0.00,0.00,0,0,0.00,0.00,0,0
1406987892,total,3212840.00,3218698.00,6431538.00,3218698,3212840,2124.00,2125.00,4249.00,2125,2124,0.00,0.00,0,0
1406987893,s3,0.00,0.00,0.00,0,0,0.00,0.00,0.00,0,0,0.00,0.00,0,0
1406987893,s1-eth1,1226268.00,27258.00,1253526.00,27258,1226268,414.00,413.00,827.00,413,414,0.00,0.00,0,0
1406987893,s1-eth3,21120.00,962650.00,983770.00,962650,21120,320.00,325.00,645.00,325,320,0.00,0.00,0,0
1406987893,s1-eth2,6138.00,278428.00,284566.00,278428,6138,93.00,94.00,187.00,94,93,0.00,0.00,0,0
1406987893,s4,0.00,0.00,0.00,0,0,0.00,0.00,0.00,0,0,0.00,0.00,0,0
1406987893,s2-eth1,962650.00,21120.00,983770.00,21120,962650,325.00,320.00,645.00,320,325,0.00,0.00,0,0
1406987893,s2-eth3,13464.00,616096.00,629560.00,616096,13464,204.00,208.00,412.00,208,204,0.00,0.00,0,0
1406987893,s2-eth2,7656.00,346554.00,354210.00,346554,7656,116.00,117.00,233.00,117,116,0.00,0.00,0,0
1406987893,s3-eth1,616096.00,13464.00,629560.00,13464,616096,208.00,204.00,412.00,204,208,0.00,0.00,0,0
1406987893,s3-eth3,8580.00,390984.00,399564.00,390984,8580,130.00,132.00,262.00,132,130,0.00,0.00,0,0
1406987893,s3-eth2,4884.00,225112.00,229996.00,225112,4884,74.00,76.00,150.00,76,74,0.00,0.00,0,0
1406987893,eth0,0.00,0.00,0.00,0,0,0.00,0.00,0.00,0,0,0.00,0.00,0,0
1406987893,lo,0.00,0.00,0.00,0,0,0.00,0.00,0.00,0,0,0.00,0.00,0,0
1406987893,s1,0.00,0.00,0.00,0,0,0.00,0.00,0.00,0,0,0.00,0.00,0,0
1406987893,s4-eth1,390984.00,8580.00,399564.00,8580,390984,132.00,130.00,262.00,130,132,0.00,0.00,0,0
1406987893,s4-eth2,8580.00,388022.00,396602.00,388022,8580,130.00,131.00,261.00,131,130,0.00,0.00,0,0
1406987893,s2,0.00,0.00,0.00,0,0,0.00,0.00,0.00,0,0,0.00,0.00,0,0
1406987893,total,3266420.00,3278268.00,6544688.00,3278268,3266420,2146.00,2150.00,4296.00,2150,2146,0.00,0.00,0,0
1406987894,s3,0.00,0.00,0.00,0,0,0.00,0.00,0.00,0,0,0.00,0.00,0,0
1406987894,s1-eth1,1223306.00,27258.00,1250564.00,27258,1223306,413.00,413.00,826.00,413,413,0.00,0.00,0,0
1406987894,s1-eth3,21318.00,989308.00,1010626.00,989308,21318,323.00,334.00,657.00,334,323,0.00,0.00,0,0
1406987894,s1-eth2,5940.00,281390.00,287330.00,281390,5940,90.00,95.00,185.00,95,90,0.00,0.00,0,0
1406987894,s4,0.00,0.00,0.00,0,0,0.00,0.00,0.00,0,0,0.00,0.00,0,0
1406987894,s2-eth1,989308.00,21318.00,1010626.00,21318,989308,334.00,323.00,657.00,323,334,0.00,0.00,0,0
1406987894,s2-eth3,13200.00,610172.00,623372.00,610172,13200,200.00,206.00,406.00,206,200,0.00,0.00,0,0
1406987894,s2-eth2,8118.00,376174.00,384292.00,376174,8118,123.00,127.00,250.00,127,123,0.00,0.00,0,0
1406987894,s3-eth1,610172.00,13200.00,623372.00,13200,610172,206.00,200.00,406.00,200,206,0.00,0.00,0,0
1406987894,s3-eth3,7260.00,334706.00,341966.00,334706,7260,110.00,113.00,223.00,113,110,0.00,0.00,0,0
1406987894,s3-eth2,5940.00,278428.00,284368.00,278428,5940,90.00,94.00,184.00,94,90,0.00,0.00,0,0
1406987894,eth0,0.00,0.00,0.00,0,0,0.00,0.00,0.00,0,0,0.00,0.00,0,0
1406987894,lo,688.00,688.00,1376.00,688,688,12.00,12.00,24.00,12,12,0.00,0.00,0,0
1406987894,s1,0.00,0.00,0.00,0,0,0.00,0.00,0.00,0,0,0.00,0.00,0,0
1406987894,s4-eth1,334706.00,7260.00,341966.00,7260,334706,113.00,110.00,223.00,110,113,0.00,0.00,0,0
1406987894,s4-eth2,7260.00,334706.00,341966.00,334706,7260,110.00,113.00,223.00,113,110,0.00,0.00,0,0
1406987894,s2,0.00,0.00,0.00,0,0,0.00,0.00,0.00,0,0,0.00,0.00,0,0
1406987894,total,3227216.00,3274608.00,6501824.00,3274608,3227216,2124.00,2140.00,4264.00,2140,2124,0.00,0.00,0,0
1406987895,s3,0.00,0.00,0.00,0,0,0.00,0.00,0.00,0,0,0.00,0.00,0,0
1406987895,s1-eth1,1223306.00,27258.00,1250564.00,27258,1223306,413.00,413.00,826.00,413,413,0.00,0.00,0,0
1406987895,s1-eth3,21120.00,1007080.00,1028200.00,1007080,21120,320.00,340.00,660.00,340,320,0.00,0.00,0,0
1406987895,s1-eth2,6138.00,296200.00,302338.00,296200,6138,93.00,100.00,193.00,100,93,0.00,0.00,0,0
1406987895,s4,0.00,0.00,0.00,0,0,0.00,0.00,0.00,0,0,0.00,0.00,0,0
1406987895,s2-eth1,1007080.00,21120.00,1028200.00,21120,1007080,340.00,320.00,660.00,320,340,0.00,0.00,0,0
1406987895,s2-eth3,13662.00,654602.00,668264.00,654602,13662,207.00,221.00,428.00,221,207,0.00,0.00,0,0
1406987895,s2-eth2,7524.00,352478.00,360002.00,352478,7524,114.00,119.00,233.00,119,114,0.00,0.00,0,0
1406987895,s3-eth1,654602.00,13662.00,668264.00,13662,654602,221.00,207.00,428.00,207,221,0.00,0.00,0,0
1406987895,s3-eth3,7722.00,364326.00,372048.00,364326,7722,117.00,123.00,240.00,123,117,0.00,0.00,0,0
1406987895,s3-eth2,5940.00,290276.00,296216.00,290276,5940,90.00,98.00,188.00,98,90,0.00,0.00,0,0
1406987895,eth0,0.00,0.00,0.00,0,0,0.00,0.00,0.00,0,0,0.00,0.00,0,0
1406987895,lo,0.00,0.00,0.00,0,0,0.00,0.00,0.00,0,0,0.00,0.00,0,0
1406987895,s1,0.00,0.00,0.00,0,0,0.00,0.00,0.00,0,0,0.00,0.00,0,0
1406987895,s4-eth1,364326.00,7722.00,372048.00,7722,364326,123.00,117.00,240.00,117,123,0.00,0.00,0,0
1406987895,s4-eth2,7722.00,364326.00,372048.00,364326,7722,117.00,123.00,240.00,123,117,0.00,0.00,0,0
1406987895,s2,0.00,0.00,0.00,0,0,0.00,0.00,0.00,0,0,0.00,0.00,0,0
1406987895,total,3319142.00,3399050.00,6718192.00,3399050,3319142,2155.00,2181.00,4336.00,2181,2155,0.00,0.00,0,0
1406987896,s3,0.00,0.00,0.00,0,0,0.00,0.00,0.00,0,0,0.00,0.00,0,0
1406987896,s1-eth1,1223306.00,27258.00,1250564.00,27258,1223306,413.00,413.00,826.00,413,413,0.00,0.00,0,0
1406987896,s1-eth3,19932.00,983384.00,1003316.00,983384,19932,302.00,332.00,634.00,332,302,0.00,0.00,0,0
1406987896,s1-eth2,7326.00,367288.00,374614.00,367288,7326,111.00,124.00,235.00,124,111,0.00,0.00,0,0
1406987896,s4,0.00,0.00,0.00,0,0,0.00,0.00,0.00,0,0,0.00,0.00,0,0
1406987896,s2-eth1,983384.00,19932.00,1003316.00,19932,983384,332.00,302.00,634.00,302,332,0.00,0.00,0,0
1406987896,s2-eth3,12012.00,592400.00,604412.00,592400,12012,182.00,200.00,382.00,200,182,0.00,0.00,0,0
1406987896,s2-eth2,7920.00,390984.00,398904.00,390984,7920,120.00,132.00,252.00,132,120,0.00,0.00,0,0
1406987896,s3-eth1,592400.00,12012.00,604412.00,12012,592400,200.00,182.00,382.00,182,200,0.00,0.00,0,0
1406987896,s3-eth3,6732.00,328782.00,335514.00,328782,6732,102.00,111.00,213.00,111,102,0.00,0.00,0,0
1406987896,s3-eth2,5214.00,263618.00,268832.00,263618,5214,79.00,89.00,168.00,89,79,0.00,0.00,0,0
1406987896,eth0,0.00,0.00,0.00,0,0,0.00,0.00,0.00,0,0,0.00,0.00,0,0
1406987896,lo,0.00,0.00,0.00,0,0,0.00,0.00,0.00,0,0,0.00,0.00,0,0
1406987896,s1,0.00,0.00,0.00,0,0,0.00,0.00,0.00,0,0,0.00,0.00,0,0
1406987896,s4-eth1,328782.00,6732.00,335514.00,6732,328782,111.00,102.00,213.00,102,111,0.00,0.00,0,0
1406987896,s4-eth2,6732.00,328782.00,335514.00,328782,6732,102.00,111.00,213.00,111,102,0.00,0.00,0,0
1406987896,s2,0.00,0.00,0.00,0,0,0.00,0.00,0.00,0,0,0.00,0.00,0,0
1406987896,total,3193740.00,3321172.00,6514912.00,3321172,3193740,2054.00,2098.00,4152.00,2098,2054,0.00,0.00,0,0
1406987897,s3,0.00,0.00,0.00,0,0,0.00,0.00,0.00,0,0,0.00,0.00,0,0
1406987897,s1-eth1,1224362.00,32888.00,1257250.00,32888,1224362,429.00,430.00,859.00,430,429,0.00,0.00,0,0
1406987897,s1-eth3,24300.00,996230.00,1020530.00,996230,24300,328.00,395.00,723.00,395,328,0.00,0.00,0,0
1406987897,s1-eth2,8494.00,270734.00,279228.00,270734,8494,101.00,131.00,232.00,131,101,0.00,0.00,0,0
1406987897,s4,0.00,0.00,0.00,0,0,0.00,0.00,0.00,0,0,0.00,0.00,0,0
1406987897,s2-eth1,996230.00,24300.00,1020530.00,24300,996230,395.00,328.00,723.00,328,395,0.00,0.00,0,0
1406987897,s2-eth3,15234.00,672642.00,687876.00,672642,15234,215.00,253.00,468.00,253,215,0.00,0.00,0,0
1406987897,s2-eth2,9066.00,328130.00,337196.00,328130,9066,113.00,145.00,258.00,145,113,0.00,0.00,0,0
1406987897,s3-eth1,672642.00,15234.00,687876.00,15234,672642,253.00,215.00,468.00,215,253,0.00,0.00,0,0
1406987897,s3-eth3,8482.00,372754.00,381236.00,372754,8482,121.00,141.00,262.00,141,121,0.00,0.00,0,0
1406987897,s3-eth2,6724.00,296926.00,303650.00,296926,6724,94.00,111.00,205.00,111,94,0.00,0.00,0,0
1406987897,eth0,0.00,0.00,0.00,0,0,0.00,0.00,0.00,0,0,0.00,0.00,0,0
1406987897,lo,0.00,0.00,0.00,0,0,0.00,0.00,0.00,0,0,0.00,0.00,0,0
1406987897,s1,0.00,0.00,0.00,0,0,0.00,0.00,0.00,0,0,0.00,0.00,0,0
1406987897,s4-eth1,372754.00,8482.00,381236.00,8482,372754,141.00,121.00,262.00,121,141,0.00,0.00,0,0
1406987897,s4-eth2,8482.00,372754.00,381236.00,372754,8482,121.00,141.00,262.00,141,121,0.00,0.00,0,0
1406987897,s2,0.00,0.00,0.00,0,0,0.00,0.00,0.00,0,0,0.00,0.00,0,0
1406987897,total,3346770.00,3391074.00,6737844.00,3391074,3346770,2311.00,2411.00,4722.00,2411,2311,0.00,0.00,0,0
1406987898,s3,0.00,0.00,0.00,0,0,0.00,0.00,0.00,0,0,0.00,0.00,0,0
1406987898,s1-eth1,1242710.00,65684.00,1308394.00,65684,1242710,707.00,706.00,1413.00,706,707,0.00,0.00,0,0
1406987898,s1-eth3,59950.00,1155962.00,1215912.00,1155962,59950,645.00,709.00,1354.00,709,645,0.00,0.00,0,0
1406987898,s1-eth2,5734.00,202612.00,208346.00,202612,5734,61.00,130.00,191.00,130,61,0.00,0.00,0,0
1406987898,s4,0.00,0.00,0.00,0,0,0.00,0.00,0.00,0,0,0.00,0.00,0,0
1406987898,s2-eth1,1155962.00,59950.00,1215912.00,59950,1155962,709.00,645.00,1354.00,645,709,0.00,0.00,0,0
1406987898,s2-eth3,42380.00,792742.00,835122.00,792742,42380,458.00,515.00,973.00,515,458,0.00,0.00,0,0
1406987898,s2-eth2,17484.00,358678.00,376162.00,358678,17484,186.00,191.00,377.00,191,186,0.00,0.00,0,0
1406987898,s3-eth1,792742.00,42466.00,835208.00,42466,792742,515.00,459.00,974.00,459,515,0.00,0.00,0,0
1406987898,s3-eth3,23218.00,423656.00,446874.00,423656,23218,247.00,276.00,523.00,276,247,0.00,0.00,0,0
1406987898,s3-eth2,19256.00,369086.00,388342.00,369086,19256,212.00,239.00,451.00,239,212,0.00,0.00,0,0
1406987898,eth0,0.00,60.00,60.00,60,0,0.00,1.00,1.00,1,0,0.00,0.00,0,0
1406987898,lo,0.00,0.00,0.00,0,0,0.00,0.00,0.00,0,0,0.00,0.00,0,0
1406987898,s1,0.00,0.00,0.00,0,0,0.00,0.00,0.00,0,0,0.00,0.00,0,0
1406987898,s4-eth1,423656.00,23218.00,446874.00,23218,423656,276.00,247.00,523.00,247,276,0.00,0.00,0,0
1406987898,s4-eth2,23124.00,425170.00,448294.00,425170,23124,246.00,277.00,523.00,277,246,0.00,0.00,0,0
1406987898,s2,0.00,0.00,0.00,0,0,0.00,0.00,0.00,0,0,0.00,0.00,0,0
1406987898,total,3802413.75,3915368.75,7717782.50,3919284,3806216,4257.74,4390.61,8648.35,4395,4262,0.00,0.00,0,0
1406987899,s3,0.00,0.00,0.00,0,0,0.00,0.00,0.00,0,0,0.00,0.00,0,0
1406987899,s1-eth1,1234207.88,36361.64,1270569.50,36398,1235442,552.45,500.50,1052.95,501,553,0.00,0.00,0,0
1406987899,s1-eth3,30539.46,1138513.50,1169053.00,1139652,30570,438.56,417.58,856.14,418,439,0.00,0.00,0,0
1406987899,s1-eth2,5916.08,83186.81,89102.90,83270,5922,62.94,54.95,117.88,55,63,0.00,0.00,0,0
1406987899,s4,0.00,0.00,0.00,0,0,0.00,0.00,0.00,0,0,0.00,0.00,0,0
1406987899,s2-eth1,1138513.50,30539.46,1169053.00,30570,1139652,417.58,438.56,856.14,439,418,0.00,0.00,0,0
1406987899,s2-eth3,21106.89,769816.19,790923.12,770586,21128,301.70,288.71,590.41,289,302,0.00,0.00,0,0
1406987899,s2-eth2,9452.55,386451.56,395904.09,386838,9462,136.86,134.87,271.73,135,137,0.00,0.00,0,0
1406987899,s3-eth1,769816.19,21020.98,790837.19,21042,770586,288.71,300.70,589.41,301,289,0.00,0.00,0,0
1406987899,s3-eth3,10992.00,406652.00,417644.00,406652,10992,158.00,150.00,308.00,150,158,0.00,0.00,0,0
1406987899,s3-eth2,10136.00,366896.00,377032.00,366896,10136,144.00,140.00,284.00,140,144,0.00,0.00,0,0
1406987899,eth0,0.00,0.00,0.00,0,0,0.00,0.00,0.00,0,0,0.00,0.00,0,0
1406987899,lo,688.00,688.00,1376.00,688,688,12.00,12.00,24.00,12,12,0.00,0.00,0,0
1406987899,s1,0.00,0.00,0.00,0,0,0.00,0.00,0.00,0,0,0.00,0.00,0,0
1406987899,s4-eth1,406652.00,10992.00,417644.00,10992,406652,150.00,158.00,308.00,158,150,0.00,0.00,0,0
1406987899,s4-eth2,11020.00,405138.00,416158.00,405138,11020,158.00,149.00,307.00,149,158,0.00,0.00,0,0
1406987899,s2,0.00,0.00,0.00,0,0,0.00,0.00,0.00,0,0,0.00,0.00,0,0
1406987899,total,3652250.00,3658722.00,7310972.00,3658722,3652250,2823.00,2747.00,5570.00,2747,2823,0.00,0.00,0,0
1406987900,s3,0.00,0.00,0.00,0,0,0.00,0.00,0.00,0,0,0.00,0.00,0,0
1406987900,s1-eth1,1223640.00,29208.00,1252848.00,29208,1223640,440.00,434.00,874.00,434,440,0.00,0.00,0,0
1406987900,s1-eth3,24090.00,1125560.00,1149650.00,1125560,24090,365.00,380.00,745.00,380,365,0.00,0.00,0,0
1406987900,s1-eth2,5052.00,228144.00,233196.00,228144,5052,68.00,100.00,168.00,100,68,0.00,0.00,0,0
1406987900,s4,0.00,0.00,0.00,0,0,0.00,0.00,0.00,0,0,0.00,0.00,0,0
1406987900,s2-eth1,1125560.00,24090.00,1149650.00,24090,1125560,380.00,365.00,745.00,365,380,0.00,0.00,0,0
1406987900,s2-eth3,16104.00,740500.00,756604.00,740500,16104,244.00,250.00,494.00,250,244,0.00,0.00,0,0
1406987900,s2-eth2,8052.00,367288.00,375340.00,367288,8052,122.00,124.00,246.00,124,122,0.00,0.00,0,0
1406987900,s3-eth1,740500.00,16104.00,756604.00,16104,740500,250.00,244.00,494.00,244,250,0.00,0.00,0,0
1406987900,s3-eth3,8514.00,393946.00,402460.00,393946,8514,129.00,133.00,262.00,133,129,0.00,0.00,0,0
1406987900,s3-eth2,7590.00,343592.00,351182.00,343592,7590,115.00,116.00,231.00,116,115,0.00,0.00,0,0
1406987900,eth0,0.00,0.00,0.00,0,0,0.00,0.00,0.00,0,0,0.00,0.00,0,0
1406987900,lo,0.00,0.00,0.00,0,0,0.00,0.00,0.00,0,0,0.00,0.00,0,0
1406987900,s1,0.00,0.00,0.00,0,0,0.00,0.00,0.00,0,0,0.00,0.00,0,0
1406987900,s4-eth1,393946.00,8514.00,402460.00,8514,393946,133.00,129.00,262.00,129,133,0.00,0.00,0,0
1406987900,s4-eth2,8580.00,393946.00,402526.00,393946,8580,130.00,133.00,263.00,133,130,0.00,0.00,0,0
1406987900,s2,0.00,0.00,0.00,0,0,0.00,0.00,0.00,0,0,0.00,0.00,0,0
1406987900,total,3561628.00,3670892.00