1406987764,s1-eth1,0.00,0.00,0.00,0,0,0.00,0.00,0.00,0,0,0.00,0.00,0,0
1406987764,s1-eth2,0.00,0.00,0.00,0,0,0.00,0.00,0.00,0,0,0.00,0.00,0,0
1406987764,eth0,0.00,0.00,0.00,0,0,0.00,0.00,0.00,0,0,0.00,0.00,0,0
1406987764,lo,0.00,0.00,0.00,0,0,0.00,0.00,0.00,0,0,0.00,0.00,0,0
1406987764,s1,0.00,0.00,0.00,0,0,0.00,0.00,0.00,0,0,0.00,0.00,0,0
1406987764,total,0.00,0.00,0.00,0,0,0.00,0.00,0.00,0,0,0.00,0.00,0,0
1406987765,s1-eth1,1223466.00,27418.00,1250884.00,27418,1223466,415.00,415.00,830.00,415,415,0.00,0.00,0,0
1406987765,s1-eth2,27418.00,1223466.00,1250884.00,1223466,27418,415.00,415.00,830.00,415,415,0.00,0.00,0,0
1406987765,eth0,0.00,0.00,0.00,0,0,0.00,0.00,0.00,0,0,0.00,0.00,0,0
1406987765,lo,1112.00,1112.00,2224.00,1112,1112,12.00,12.00,24.00,12,12,0.00,0.00,0,0
1406987765,s1,0.00,320.00,320.00,320,0,0.00,4.00,4.00,4,0,0.00,0.00,0,0
1406987765,total,1251996.00,1252316.00,2504312.00,1252316,1251996,842.00,846.00,1688.00,846,842,0.00,0.00,0,0
1406987766,s1-eth1,1223306.00,27258.00,1250564.00,27258,1223306,413.00,413.00,826.00,413,413,0.00,0.00,0,0
1406987766,s1-eth2,27258.00,1223306.00,1250564.00,1223306,27258,413.00,413.00,826.00,413,413,0.00,0.00,0,0
1406987766,eth0,0.00,0.00,0.00,0,0,0.00,0.00,0.00,0,0,0.00,0.00,0,0
1406987766,lo,0.00,0.00,0.00,0,0,0.00,0.00,0.00,0,0,0.00,0.00,0,0
1406987766,s1,0.00,0.00,0.00,0,0,0.00,0.00,0.00,0,0,0.00,0.00,0,0
1406987766,total,1250564.00,1250564.00,2501128.00,1250564,1250564,826.00,826.00,1652.00,826,826,0.00,0.00,0,0
1406987767,s1-eth1,1223306.00,27258.00,1250564.00,27258,1223306,413.00,413.00,826.00,413,413,0.00,0.00,0,0
1406987767,s1-eth2,27258.00,1223306.00,1250564.00,1223306,27258,413.00,413.00,826.00,413,413,0.00,0.00,0,0
1406987767,eth0,0.00,0.00,0.00,0,0,0.00,0.00,0.00,0,0,0.00,0.00,0,0
1406987767,lo,0.00,0.00,0.00,0,0,0.00,0.00,0.00,0,0,0.00,0.00,0,0
1406987767,s1,0.00,0.00,0.00,0,0,0.00,0.00,0.00,0,0,0.00,0.00,0,0
1406987767,total,1250564.00,1250564.00,2501128.00,1250564,1250564,826.00,826.00,1652.00,826,826,0.00,0.00,0,0
1406987768,s1-eth1,1223306.00,27258.00,1250564.00,27258,1223306,413.00,413.00,826.00,413,413,0.00,0.00,0,0
1406987768,s1-eth2,27258.00,1223306.00,1250564.00,1223306,27258,413.00,413.00,826.00,413,413,0.00,0.00,0,0
1406987768,eth0,0.00,0.00,0.00,0,0,0.00,0.00,0.00,0,0,0.00,0.00,0,0
1406987768,lo,0.00,0.00,0.00,0,0,0.00,0.00,0.00,0,0,0.00,0.00,0,0
1406987768,s1,0.00,0.00,0.00,0,0,0.00,0.00,0.00,0,0,0.00,0.00,0,0
1406987768,total,1250564.00,1250564.00,2501128.00,1250564,1250564,826.00,826.00,1652.00,826,826,0.00,0.00,0,0
1406987769,s1-eth1,1223466.00,27328.00,1250794.00,27328,1223466,415.00,414.00,829.00,414,415,0.00,0.00,0,0
1406987769,s1-eth2,27328.00,1223466.00,1250794.00,1223466,27328,414.00,415.00,829.00,415,414,0.00,0.00,0,0
1406987769,eth0,0.00,0.00,0.00,0,0,0.00,0.00,0.00,0,0,0.00,0.00,0,0
1406987769,lo,824.00,824.00,1648.00,824,824,9.00,9.00,18.00,9,9,0.00,0.00,0,0
1406987769,s1,0.00,230.00,230.00,230,0,0.00,3.00,3.00,3,0,0.00,0.00,0,0
1406987769,total,1251618.00,1251848.00,2503466.00,1251848,1251618,838.00,841.00,1679.00,841,838,0.00,0.00,0,0
1406987770,s1-eth1,1224386.00,27348.00,1251734.00,27348,1224386,429.00,414.00,843.00,414,429,0.00,0.00,0,0
1406987770,s1-eth2,27282.00,1224386.00,1251668.00,1224386,27282,413.00,429.00,842.00,429,413,0.00,0.00,0,0
1406987770,eth0,0.00,0.00,0.00,0,0,0.00,0.00,0.00,0,0,0.00,0.00,0,0
1406987770,lo,576.00,576.00,1152.00,576,576,6.00,6.00,12.00,6,6,0.00,0.00,0,0
1406987770,s1,0.00,180.00,180.00,180,0,0.00,2.00,2.00,2,0,0.00,0.00,0,0
1406987770,total,1252244.00,1252490.00,2504734.00,1252490,1252244,848.00,851.00,1699.00,851,848,0.00,0.00,0,0
1406987771,s1-eth1,1226408.00,27258.00,1253666.00,27258,1226408,460.00,413.00,873.00,413,460,0.00,0.00,0,0
1406987771,s1-eth2,27324.00,1226408.00,1253732.00,1226408,27324,414.00,460.00,874.00,460,414,0.00,0.00,0,0
1406987771,eth0,0.00,0.00,0.00,0,0,0.00,0.00,0.00,0,0,0.00,0.00,0,0
1406987771,lo,0.00,0.00,0.00,0,0,0.00,0.00,0.00,0,0,0.00,0.00,0,0
1406987771,s1,0.00,0.00,0.00,0,0,0.00,0.00,0.00,0,0,0.00,0.00,0,0
1406987771,total,1253732.00,1253666.00,2507398.00,1253666,1253732,874.00,873.00,1747.00,873,874,0.00,0.00,0,0
1406987772,s1-eth1,1223306.00,27258.00,1250564.00,27258,1223306,413.00,413.00,826.00,413,413,0.00,0.00,0,0
1406987772,s1-eth2,27258.00,1223306.00,1250564.00,1223306,27258,413.00,413.00,826.00,413,413,0.00,0.00,0,0
1406987772,eth0,0.00,0.00,0.00,0,0,0.00,0.00,0.00,0,0,0.00,0.00,0,0
1406987772,lo,0.00,0.00,0.00,0,0,0.00,0.00,0.00,0,0,0.00,0.00,0,0
1406987772,s1,0.00,0.00,0.00,0,0,0.00,0.00,0.00,0,0,0.00,0.00,0,0
1406987772,total,1250564.00,1250564.00,2501128.00,1250564,1250564,826.00,826.00,1652.00,826,826,0.00,0.00,0,0
1406987773,s1-eth1,1223376.00,27328.00,1250704.00,27328,1223376,414.00,414.00,828.00,414,414,0.00,0.00,0,0
1406987773,s1-eth2,27328.00,1223376.00,1250704.00,1223376,27328,414.00,414.00,828.00,414,414,0.00,0.00,0,0
1406987773,eth0,0.00,0.00,0.00,0,0,0.00,0.00,0.00,0,0,0.00,0.00,0,0
1406987773,lo,536.00,536.00,1072.00,536,536,6.00,6.00,12.00,6,6,0.00,0.00,0,0
1406987773,s1,0.00,140.00,140.00,140,0,0.00,2.00,2.00,2,0,0.00,0.00,0,0
1406987773,total,1251240.00,1251380.00,2502620.00,1251380,1251240,834.00,836.00,1670.00,836,834,0.00,0.00,0,0
1406987774,s1-eth1,1220344.00,27258.00,1247602.00,27258,1220344,412.00,413.00,825.00,413,412,0.00,0.00,0,0
1406987774,s1-eth2,27258.00,1223306.00,1250564.00,1223306,27258,413.00,413.00,826.00,413,413,0.00,0.00,0,0
1406987774,eth0,0.00,0.00,0.00,0,0,0.00,0.00,0.00,0,0,0.00,0.00,0,0
1406987774,lo,0.00,0.00,0.00,0,0,0.00,0.00,0.00,0,0,0.00,0.00,0,0
1406987774,s1,0.00,0.00,0.00,0,0,0.00,0.00,0.00,0,0,0.00,0.00,0,0
1406987774,total,1247602.00,1250564.00,2498166.00,1250564,1247602,825.00,826.00,1651.00,826,825,0.00,0.00,0,0
1406987775,s1-eth1,1223306.00,27258.00,1250564.00,27258,1223306,413.00,413.00,826.00,413,413,0.00,0.00,0,0
1406987775,s1-eth2,27258.00,1223306.00,1250564.00,1223306,27258,413.00,413.00,826.00,413,413,0.00,0.00,0,0
1406987775,eth0,0.00,0.00,0.00,0,0,0.00,0.00,0.00,0,0,0.00,0.00,0,0
1406987775,lo,0.00,0.00,0.00,0,0,0.00,0.00,0.00,0,0,0.00,0.00,0,0
1406987775,s1,0.00,0.00,0.00,0,0,0.00,0.00,0.00,0,0,0.00,0.00,0,0
1406987775,total,1250564.00,1250564.00,2501128.00,1250564,1250564,826.00,826.00,1652.00,826,826,0.00,0.00,0,0
1406987776,s1-eth1,1223306.00,27258.00,1250564.00,27258,1223306,413.00,413.00,826.00,413,413,0.00,0.00,0,0
1406987776,s1-eth2,27258.00,1223306.00,1250564.00,1223306,27258,413.00,413.00,826.00,413,413,0.00,0.00,0,0
1406987776,eth0,0.00,0.00,0.00,0,0,0.00,0.00,0.00,0,0,0.00,0.00,0,0
1406987776,lo,0.00,0.00,0.00,0,0,0.00,0.00,0.00,0,0,0.00,0.00,0,0
1406987776,s1,0.00,0.00,0.00,0,0,0.00,0.00,0.00,0,0,0.00,0.00,0,0
1406987776,total,1250564.00,1250564.00,2501128.00,1250564,1250564,826.00,826.00,1652.00,826,826,0.00,0.00,0,0
1406987777,s1-eth1,1223306.00,27258.00,1250564.00,27258,1223306,413.00,413.00,826.00,413,413,0.00,0.00,0,0
1406987777,s1-eth2,27258.00,1223306.00,1250564.00,1223306,27258,413.00,413.00,826.00,413,413,0.00,0.00,0,0
1406987777,eth0,0.00,0.00,0.00,0,0,0.00,0.00,0.00,0,0,0.00,0.00,0,0
1406987777,lo,0.00,0.00,0.00,0,0,0.00,0.00,0.00,0,0,0.00,0.00,0,0
1406987777,s1,0.00,0.00,0.00,0,0,0.00,0.00,0.00,0,0,0.00,0.00,0,0
1406987777,total,1250564.00,1250564.00,2501128.00,1250564,1250564,826.00,826.00,1652.00,826,826,0.00,0.00,0,0
1406987778,s1-eth1,1223306.00,27258.00,1250564.00,27258,1223306,413.00,413.00,826.00,413,413,0.00,0.00,0,0
1406987778,s1-eth2,27258.00,1223306.00,1250564.00,1223306,27258,413.00,413.00,826.00,413,413,0.00,0.00,0,0
1406987778,eth0,0.00,0.00,0.00,0,0,0.00,0.00,0.00,0,0,0.00,0.00,0,0
1406987778,lo,172.00,172.00,344.00,172,172,3.00,3.00,6.00,3,3,0.00,0.00,0,0
1406987778,s1,0.00,0.00,0.00,0,0,0.00,0.00,0.00,0,0,0.00,0.00,0,0
1406987778,total,1250736.00,1250736.00,2501472.00,1250736,1250736,829.00,829.00,1658.00,829,829,0.00,0.00,0,0
1406987779,s1-eth1,1225418.00,27192.00,1252610.00,27192,1225418,445.00,412.00,857.00,412,445,0.00,0.00,0,0
1406987779,s1-eth2,27192.00,1225418.00,1252610.00,1225418,27192,412.00,445.00,857.00,445,412,0.00,0.00,0,0
1406987779,eth0,0.00,0.00,0.00,0,0,0.00,0.00,0.00,0,0,0.00,0.00,0,0
1406987779,lo,0.00,0.00,0.00,0,0,0.00,0.00,0.00,0,0,0.00,0.00,0,0
1406987779,s1,0.00,0.00,0.00,0,0,0.00,0.00,0.00,0,0,0.00,0.00,0,0
1406987779,total,1252610.00,1252610.00,2505220.00,1252610,1252610,857.00,857.00,1714.00,857,857,0.00,0.00,0,0
1406987780,s1-eth1,1225088.00,27324.00,1252412.00,27324,1225088,440.00,414.00,854.00,414,440,0.00,0.00,0,0
1406987780,s1-eth2,27324.00,1225088.00,1252412.00,1225088,27324,414.00,440.00,854.00,440,414,0.00,0.00,0,0
1406987780,eth0,0.00,0.00,0.00,0,0,0.00,0.00,0.00,0,0,0.00,0.00,0,0
1406987780,lo,0.00,0.00,0.00,0,0,0.00,0.00,0.00,0,0,0.00,0.00,0,0
1406987780,s1,0.00,0.00,0.00,0,0,0.00,0.00,0.00,0,0,0.00,0.00,0,0
1406987780,total,1252412.00,1252412.00,2504824.00,1252412,1252412,854.00,854.00,1708.00,854,854,0.00,0.00,0,0
1406987781,s1-eth1,1223306.00,27258.00,1250564.00,27258,1223306,413.00,413.00,826.00,413,413,0.00,0.00,0,0
1406987781,s1-eth2,27192.00,1223306.00,1250498.00,1223306,27192,412.00,413.00,825.00,413,412,0.00,0.00,0,0
1406987781,eth0,0.00,0.00,0.00,0,0,0.00,0.00,0.00,0,0,0.00,0.00,0,0
1406987781,lo,0.00,0.00,0.00,0,0,0.00,0.00,0.00,0,0,0.00,0.00,0,0
1406987781,s1,0.00,0.00,0.00,0,0,0.00,0.00,0.00,0,0,0.00,0.00,0,0
1406987781,total,1250498.00,1250564.00,2501062.00,1250564,1250498,825.00,826.00,1651.00,826,825,0.00,0.00,0,0
1406987782,s1-eth1,1220344.00,27126.00,1247470.00,27126,1220344,412.00,411.00,823.00,411,412,0.00,0.00,0,0
1406987782,s1-eth2,27192.00,1217382.00,1244574.00,1217382,27192,412.00,411.00,823.00,411,412,0.00,0.00,0,0
1406987782,eth0,0.00,0.00,0.00,0,0,0.00,0.00,0.00,0,0,0.00,0.00,0,0
1406987782,lo,0.00,0.00,0.00,0,0,0.00,0.00,0.00,0,0,0.00,0.00,0,0
1406987782,s1,0.00,0.00,0.00,0,0,0.00,0.00,0.00,0,0,0.00,0.00,0,0
1406987782,total,1247536.00,1244508.00,2492044.00,1244508,1247536,824.00,822.00,1646.00,822,824,0.00,0.00,0,0
1406987783,s1-eth1,1220344.00,27258.00,1247602.00,27258,1220344,412.00,413.00,825.00,413,412,0.00,0.00,0,0
1406987783,s1-eth2,27258.00,1223306.00,1250564.00,1223306,27258,413.00,413.00,826.00,413,413,0.00,0.00,0,0
1406987783,eth0,0.00,0.00,0.00,0,0,0.00,0.00,0.00,0,0,0.00,0.00,0,0
1406987783,lo,172.00,172.00,344.00,172,172,3.00,3.00,6.00,3,3,0.00,0.00,0,0
1406987783,s1,0.00,0.00,0.00,0,0,0.00,0.00,0.00,0,0,0.00,0.00,0,0
1406987783,total,1247774.00,1250736.00,2498510.00,1250736,1247774,828.00,829.00,1657.00,829,828,0.00,0.00,0,0
1406987784,s1-eth1,1223306.00,27258.00,1250564.00,27258,1223306,413.00,413.00,826.00,413,413,0.00,0.00,0,0
1406987784,s1-eth2,27258.00,1223306.00,1250564.00,1223306,27258,413.00,413.00,826.00,413,413,0.00,0.00,0,0
1406987784,eth0,0.00,0.00,0.00,0,0,0.00,0.00,0.00,0,0,0.00,0.00,0,0
1406987784,lo,0.00,0.00,0.00,0,0,0.00,0.00,0.00,0,0,0.00,0.00,0,0
1406987784,s1,0.00,0.00,0.00,0,0,0.00,0.00,0.00,0,0,0.00,0.00,0,0
1406987784,total,1250564.00,1250564.00,2501128.00,1250564,1250564,826.00,826.00,1652.00,826,826,0.00,0.00,0,0
1406987785,s1-eth1,1223306.00,27258.00,1250564.00,27258,1223306,413.00,413.00,826.00,413,413,0.00,0.00,0,0
1406987785,s1-eth2,27192.00,1223306.00,1250498.00,1223306,27192,412.00,413.00,825.00,413,412,0.00,0.00,0,0
1406987785,eth0,0.00,0.00,0.00,0,0,0.00,0.00,0.00,0,0,0.00,0.00,0,0
1406987785,lo,0.00,0.00,0.00,0,0,0.00,0.00,0.00,0,0,0.00,0.00,0,0
1406987785,s1,0.00,0.00,0.00,0,0,0.00,0.00,0.00,0,0,0.00,0.00,0,0
1406987785,total,1250498.00,1250564.00,2501062.00,1250564,1250498,825.00,826.00,1651.00,826,825,0.00,0.00,0,0
1406987786,s1-eth1,1224238.00,27126.00,1251364.00,27126,1224238,471.00,411.00,882.00,411,471,0.00,0.00,0,0
1406987786,s1-eth2,27192.00,1221276.00,1248468.00,1221276,27192,412.00,470.00,882.00,470,412,0.00,0.00,0,0
1406987786,eth0,0.00,0.00,0.00,0,0,0.00,0.00,0.00,0,0,0.00,0.00,0,0
1406987786,lo,0.00,0.00,0.00,0,0,0.00,0.00,0.00,0,0,0.00,0.00,0,0
1406987786,s1,0.00,0.00,0.00,0,0,0.00,0.00,0.00,0,0,0.00,0.00,0,0
1406987786,total,1251430.00,1248402.00,2499832.00,1248402,1251430,883.00,881.00,1764.00,881,883,0.00,0.00,0,0
1406987787,s1-eth1,1223306.00,27258.00,1250564.00,27258,1223306,413.00,413.00,826.00,413,413,0.00,0.00,0,0
1406987787,s1-eth2,27258.00,1223306.00,1250564.00,1223306,27258,413.00,413.00,826.00,413,413,0.00,0.00,0,0
1406987787,eth0,0.00,0.00,0.00,0,0,