1407042506.885474,0
1407042506.897802,0
1407042506.909958,0
1407042506.922065,0
1407042506.934194,0
1407042506.946320,0
1407042506.958486,0
1407042506.970593,0
1407042506.982755,0
1407042506.994890,0
1407042507.007056,0
1407042507.019197,0
1407042507.031346,0
1407042507.043513,0
1407042507.055692,0
1407042507.067847,0
1407042507.080050,0
1407042507.092401,0
1407042507.104738,0
1407042507.117030,0
1407042507.129285,0
1407042507.141461,0
1407042507.153827,0
1407042507.165959,0
1407042507.178076,0
1407042507.190188,0
1407042507.202370,0
1407042507.214852,0
1407042507.227045,0
1407042507.239211,0
1407042507.251363,0
1407042507.263797,0
1407042507.276310,0
1407042507.288818,0
1407042507.301453,0
1407042507.314026,0
1407042507.326604,0
1407042507.339167,0
1407042507.351754,0
1407042507.363996,0
1407042507.376040,0
1407042507.388049,0
1407042507.400057,0
1407042507.412049,0
1407042507.424191,0
1407042507.436273,0
1407042507.448271,0
1407042507.460050,0
1407042507.472251,0
1407042507.484305,0
1407042507.496877,0
1407042507.509023,0
1407042507.520956,0
1407042507.532998,0
1407042507.544939,0
1407042507.556995,0
1407042507.568963,0
1407042507.580966,0
1407042507.592970,0
1407042507.604982,0
1407042507.617030,0
1407042507.629004,0
1407042507.641126,0
1407042507.653259,0
1407042507.665769,0
1407042507.678053,0
1407042507.690582,0
1407042507.703185,0
1407042507.715761,0
1407042507.728570,0
1407042507.741511,0
1407042507.754412,0
1407042507.767092,0
1407042507.779787,0
1407042507.792521,0
1407042507.805286,0
1407042507.817860,0
1407042507.830488,0
1407042507.843052,0
1407042507.855611,0
1407042507.868202,0
1407042507.880790,0
1407042507.893414,0
1407042507.905891,0
1407042507.918338,0
1407042507.930819,0
1407042507.943262,0
1407042507.955736,0
1407042507.968443,0
1407042507.980518,0
1407042507.992790,0
1407042508.004997,0
1407042508.017205,0
1407042508.029143,0
1407042508.041286,0
1407042508.054004,0
1407042508.066162,0
1407042508.078367,0
1407042508.090430,0
1407042508.102439,0
1407042508.114489,0
1407042508.126669,0
1407042508.138817,0
1407042508.150973,0
1407042508.163110,0
1407042508.175389,0
1407042508.187511,0
1407042508.199635,0
1407042508.211792,0
1407042508.223903,0
1407042508.236106,0
1407042508.248287,0
1407042508.260317,0
1407042508.272341,0
1407042508.284531,0
1407042508.296594,0
1407042508.308789,0
1407042508.320828,0
1407042508.332975,0
1407042508.345836,0
1407042508.358042,0
1407042508.370330,0
1407042508.382412,0
1407042508.394395,0
1407042508.406419,0
1407042508.418461,0
1407042508.430364,0
1407042508.442422,0
1407042508.454485,0
1407042508.466565,0
1407042508.478641,0
1407042508.490707,0
1407042508.502796,0
1407042508.514872,0
1407042508.526850,0
1407042508.538831,0
1407042508.550799,0
1407042508.562778,0
1407042508.574784,0
1407042508.586859,0
1407042508.598955,0
1407042508.611010,0
1407042508.623089,0
1407042508.635156,0
1407042508.647218,0
1407042508.659299,0
1407042508.671415,0
1407042508.684061,0
1407042508.696357,0
1407042508.708309,0
1407042508.720221,0
1407042508.732199,0
1407042508.744047,0
1407042508.756047,0
1407042508.768047,0
1407042508.780114,0
1407042508.792048,0
1407042508.804202,0
1407042508.816270,0
1407042508.828361,0
1407042508.840521,0
1407042508.852676,0
1407042508.864863,0
1407042508.876983,0
1407042508.889196,0
1407042508.901400,0
1407042508.913505,0
1407042508.925634,0
1407042508.937808,0
1407042508.949985,0
1407042508.962068,0
1407042508.974195,0
1407042508.986720,0
1407042508.999187,0
1407042509.011647,0
1407042509.024173,0
1407042509.037014,0
1407042509.049791,0
1407042509.062608,0
1407042509.075329,0
1407042509.088150,0
1407042509.100914,0
1407042509.113687,0
1407042509.126462,0
1407042509.139154,0
1407042509.151912,0
1407042509.164644,0
1407042509.177445,0
1407042509.190199,0
1407042509.202893,0
1407042509.215608,0
1407042509.228496,0
1407042509.241307,0
1407042509.254242,0
1407042509.266960,0
1407042509.279647,0
1407042509.292455,0
1407042509.305214,0
1407042509.317741,0
1407042509.330211,0
1407042509.342439,0
1407042509.354005,0
1407042509.368068,0
1407042509.380421,0
1407042509.392487,0
1407042509.404502,0
1407042509.417283,0
1407042509.428992,0
1407042509.440923,0
1407042509.452934,0
1407042509.464989,0
1407042509.476963,0
1407042509.488961,0
1407042509.501062,0
1407042509.513820,0
1407042509.525896,0
1407042509.538023,0
1407042509.550030,0
1407042509.562122,0
1407042509.574166,0
1407042509.586218,0
1407042509.598308,0
1407042509.610358,0
1407042509.622422,0
1407042509.634498,0
1407042509.646570,0
1407042509.658646,0
1407042509.670705,0
1407042509.683360,0
1407042509.695040,0
1407042509.708054,0
1407042509.720203,0
1407042509.732389,0
1407042509.744650,0
1407042509.756797,0
1407042509.768913,0
1407042509.781159,0
1407042509.794043,0
1407042509.806201,0
1407042509.818276,0
1407042509.829982,0
1407042509.842783,0
1407042509.854475,0
1407042509.866488,0
1407042509.878788,0
1407042509.890800,0
1407042509.902819,0
1407042509.914880,0
1407042509.926956,0
1407042509.939022,0
1407042509.950937,0
1407042509.962956,0
1407042509.974979,0
1407042509.987126,0
1407042509.999154,0
1407042510.011193,0
1407042510.023222,0
1407042510.035237,0
1407042510.047267,0
1407042510.059304,0
1407042510.071305,0
1407042510.083296,0
1407042510.095316,0
1407042510.107317,0
1407042510.119300,0
1407042510.131309,0
1407042510.143448,0
1407042510.155550,0
1407042510.167654,0
1407042510.179684,0
1407042510.191802,0
1407042510.203885,0
1407042510.215987,0
1407042510.228131,0
1407042510.240059,0
1407042510.252887,0
1407042510.264955,0
1407042510.276956,0
1407042510.289085,0
1407042510.301135,0
1407042510.313097,0
1407042510.325019,0
1407042510.337791,0
1407042510.349887,0
1407042510.362032,0
1407042510.374528,0
1407042510.386881,0
1407042510.399240,0
1407042510.411608,0
1407042510.423961,0
1407042510.436412,0
1407042510.448810,0
1407042510.461331,0
1407042510.474035,0
1407042510.486647,0
1407042510.499254,0
1407042510.511817,0
1407042510.524651,0
1407042510.537390,0
1407042510.550088,0
1407042510.562806,0
1407042510.575523,0
1407042510.588173,0
1407042510.600789,0
1407042510.613357,0
1407042510.626011,0
1407042510.638219,0
1407042510.650306,0
1407042510.662537,0
1407042510.674808,0
1407042510.687196,0
1407042510.699420,0
1407042510.711636,0
1407042510.723832,0
1407042510.736054,0
1407042510.748186,0
1407042510.760325,0
1407042510.772447,0
1407042510.784185,0
1407042510.796057,0
1407042510.808050,0
1407042510.820057,0
1407042510.832209,0
1407042510.844214,0
1407042510.856334,0
1407042510.868287,0
1407042510.881019,0
1407042510.893010,0
1407042510.905041,0
1407042510.917892,0
1407042510.930012,0
1407042510.942225,0
1407042510.954005,0
1407042510.966309,0
1407042510.978608,0
1407042510.990862,0
1407042511.003090,0
1407042511.015343,0
1407042511.027583,0
1407042511.039862,0
1407042511.052163,0
1407042511.064565,0
1407042511.077598,0
1407042511.089798,0
1407042511.102057,0
1407042511.114238,0
1407042511.127025,0
1407042511.139287,0
1407042511.151807,0
1407042511.164054,0
1407042511.176261,0
1407042511.188991,0
1407042511.201084,0
1407042511.213166,0
1407042511.225787,0
1407042511.237945,0
1407042511.250031,0
1407042511.262248,0
1407042511.274382,0
1407042511.286563,0
1407042511.298723,0
1407042511.310874,0
1407042511.323106,0
1407042511.335209,0
1407042511.347373,0
1407042511.359495,0
1407042511.371775,0
1407042511.384049,0
1407042511.396048,0
1407042511.408237,0
1407042511.420131,0
1407042511.432049,0
1407042511.444046,0
1407042511.456099,0
1407042511.468815,0
1407042511.480997,0
1407042511.492996,0
1407042511.505766,0
1407042511.517998,0
1407042511.529954,0
1407042511.542127,0
1407042511.563020,0
1407042511.575308,0
1407042511.587566,0
1407042511.599815,0
1407042511.612050,0
1407042511.624418,0
1407042511.636672,0
1407042511.648940,0
1407042511.661423,0
1407042511.673824,0
1407042511.686218,0
1407042511.698510,0
1407042511.710747,0
1407042511.722997,0
1407042511.735253,0
1407042511.747390,0
1407042511.759529,0
1407042511.771302,0
1407042511.783285,0
1407042511.796022,0
1407042511.808364,0
1407042511.820526,0
1407042511.832633,0
1407042511.844485,0
1407042511.857058,0
1407042511.869009,0
1407042511.881106,0
1407042511.892997,0
1407042511.905055,0
1407042511.917995,0
1407042511.930071,0
1407042511.942166,0
1407042511.954310,0
1407042511.966288,0
1407042511.978279,0
1407042511.990336,0
1407042512.002347,0
1407042512.014428,0
1407042512.027205,0
1407042512.039307,0
1407042512.051945,0
1407042512.064088,0
1407042512.077065,0
1407042512.089139,0
1407042512.102038,0
1407042512.114359,0
1407042512.126802,0
1407042512.139161,0
1407042512.151332,0
1407042512.163708,0
1407042512.175970,0
1407042512.188223,0
1407042512.200410,0
1407042512.213396,0
1407042512.225374,0
1407042512.237491,0
1407042512.249739,0
1407042512.261983,0
1407042512.274139,0
1407042512.286502,0
1407042512.298836,0
1407042512.311151,0
1407042512.323492,0
1407042512.335876,0
1407042512.348407,0
1407042512.360868,0
1407042512.373437,0
1407042512.385917,0
1407042512.398305,0
1407042512.410554,0
1407042512.422798,0
1407042512.435056,0
1407042512.447437,0
1407042512.459838,0
1407042512.472067,0
1407042512.484240,0
1407042512.497179,0
1407042512.509346,0
1407042512.521211,0
1407042512.533848,0
1407042512.545972,0
1407042512.558044,0
1407042512.570090,0
1407042512.582159,0
1407042512.594194,0
1407042512.606209,0
1407042512.618285,0
1407042512.630034,0
1407042512.642036,0
1407042512.654004,0
1407042512.666449,0
1407042512.678511,0
1407042512.690727,0
1407042512.702774,0
1407042512.714786,0
1407042512.726514,0
1407042512.738540,0
1407042512.751335,0
1407042512.763343,0
1407042512.775295,0
1407042512.787291,0
1407042512.799324,0
1407042512.811367,0
1407042512.823370,0
1407042512.835416,0
1407042512.847439,0
1407042512.859463,0
1407042512.871473,0
1407042512.883503,0
1407042512.895543,0
1407042512.907545,0
1407042512.919550,0
1407042512.931586,0
1407042512.943606,0
1407042512.955644,0
1407042512.967738,0
1407042512.979968,0
1407042512.992132,0
1407042513.004345,0
1407042513.017317,0
1407042513.029004,0
1407042513.042061,0
1407042513.054204,0
1407042513.066445,0
1407042513.078693,0
1407042513.090952,0
1407042513.103163,0
1407042513.115448,0
1407042513.127663,0
1407042513.139856,0
1407042513.152228,0
1407042513.165355,0
1407042513.178477,0
1407042513.191823,0
1407042513.204043,0
1407042513.217024,0
1407042513.229003,0
1407042513.240831,0
1407042513.253175,0
1407042513.265284,0
1407042513.277022,0
1407042513.288964,0
1407042513.300816,0
1407042513.312484,0
1407042513.324180,0
1407042513.335754,0
1407042513.347522,0
1407042513.359324,0
1407042513.371387,0
1407042513.383165,0
1407042513.394920,0
1407042513.406667,0
1407042513.418334,0
1407042513.430763,0
1407042513.442562,0
1407042513.454273,0
1407042513.466071,0
1407042513.477841,0
1407042513.490530,0
1407042513.502298,0
1407042513.514091,0
1407042513.525806,0
1407042513.537772,0
1407042513.549731,0
1407042513.561642,0
1407042513.573815,0
1407042513.585860,0
1407042513.597814,0
1407042513.609789,0
1407042513.621769,0
1407042513.633510,0
1407042513.645627,0
1407042513.657783,0
1407042513.669878,0
1407042513.682130,0
1407042513.694137,0
1407042513.706613,0
1407042513.718417,0
1407042513.729875,0
1407042513.742540,0
1407042513.754004,0
1407042513.765814,0
1407042513.777645,0
1407042513.790224,0
1407042513.802000,0
1407042513.813892,0
1407042513.826001,0
1407042513.837614,0
1407042513.849500,0
1407042513.861351,0
1407042513.873410,0
1407042513.885459,0
1407042513.897575,0
1407042513.910316,0
1407042513.922299,0
1407042513.934232,0
1407042513.946185,0
1407042513.958162,0
1407042513.970097,0
1407042513.982040,0
1407042513.993993,0
1407042514.005897,0
1407042514.018786,0
1407042514.030711,0
1407042514.042668,0
1407042514.054492,0
1407042514.066433,0
1407042514.078387,0
1407042514.090608,0
1407042514.102556,0
1407042514.114477,0
1407042514.126507,0
1407042514.138727,0
1407042514.150475,0
1407042514.162584,0
1407042514.174629,0
1407042514.186735,0
1407042514.198815,0
1407042514.210864,0
1407042514.222906,0
1407042514.234948,0
1407042514.246982,0
1407042514.258902,0
1407042514.270808,0
1407042514.282707,0
1407042514.294626,0
1407042514.306503,0
1407042514.318594,0
1407042514.330866,0
1407042514.343060,0
1407042514.355218,0
1407042514.367446,0
1407042514.379562,0
1407042514.391670,0
1407042514.403759,0
1407042514.415810,0
1407042514.427889,0
1407042514.440038,0
1407042514.452184,0
1407042514.465056,0
1407042514.477135,0
1407042514.489108,0
1407042514.501786,0
1407042514.514069,0
1407042514.526067,0
1407042514.538067,0
1407042514.549989,0
1407042514.561898,0
1407042514.573866,0
1407042514.585863,0
1407042514.597866,0
1407042514.609871,0
1407042514.621975,0
1407042514.634026,0
1407042514.646101,0
1407042514.658207,0
1407042514.670291,0
1407042514.683049,0
1407042514.695305,0
1407042514.707365,0
1407042514.719465,0
1407042514.731552,0
1407042514.743606,0
1407042514.756250,0
1407042514.768268,0
1407042514.780040,0
1407042514.792048,0
1407042514.804050,0
1407042514.816229,0
1407042514.828982,0
1407042514.841117,0
1407042514.853027,0
1407042514.865019,0
1407042514.877070,0
1407042514.889842,0
1407042514.901932,0
1407042514.913975,0
1407042514.925925,0
1407042514.937973,0
1407042514.949898,0
1407042514.961910,0
1407042514.973936,0
1407042514.985937,0
1407042514.997943,0
1407042515.009929,0
1407042515.021957,0
1407042515.033901,0
1407042515.045929,0
1407042515.057949,0
1407042515.069929,0
1407042515.081947,0
1407042515.093946,0
1407042515.105947,0
1407042515.117913,0
1407042515.129884,0
1407042515.141891,0
1407042515.153932,0
1407042515.165937,0
1407042515.177948,0
1407042515.189924,0
1407042515.201965,0
1407042515.213961,0
1407042515.225914,0
1407042515.237981,0
1407042515.249953,0
1407042515.262086,0
1407042515.274072,0
1407042515.286116,0
1407042515.298200,0
1407042515.310256,0
1407042515.322317,0
1407042515.334365,0
1407042515.346416,0
1407042515.358504,0
1407042515.370703,0
1407042515.382610,0
1407042515.394458,0
1407042515.406359,0
1407042515.418274,0
1407042515.430107,0
1407042515.442038,0
1407042515.454004,0
1407042515.466179,0
1407042515.478290,0
1407042515.490452,0
1407042515.502553,0
1407042515.514754,0
1407042515.527023,0
1407042515.539143,0
1407042515.551092,0
1407042515.563206,0
1407042515.575284,0
1407042515.587420,0
1407042515.599581,0
1407042515.611732,0
1407042515.623889,0
1407042515.636053,0
1407042515.648340,0
1407042515.660685,0
1407042515.673048,0
1407042515.686538,0
1407042515.698932,0
1407042515.710976,0
1407042515.723108,0
1407042515.735265,0
1407042515.747344,0
1407042515.759437,0
1407042515.771494,0
1407042515.783600,0
1407042515.796517,0
1407042515.808434,0
1407042515.821131,0
1407042515.832626,0
1407042515.845607,0
1407042515.857666,0
1407042515.869776,0
1407042515.882030,0
1407042515.894192,0
1407042515.906632,0
1407042515.919069,0
1407042515.931520,0
1407042515.943982,0
1407042515.956529,0
1407042515.969070,0
1407042515.981655,0
1407042515.994256,0
1407042516.006838,0
1407042516.019417,0
1407042516.031922,0
1407042516.044747,0
1407042516.057620,0
1407042516.070484,0
1407042516.083169,0
1407042516.095871,0
1407042516.108597,0
1407042516.121314,0
1407042516.134058,0
1407042516.146564,0
1407042516.158819,0
1407042516.171106,0
1407042516.183307,0
1407042516.195579,0
1407042516.207721,0
1407042516.219841,0
1407042516.232042,0
1407042516.244200,0
1407042516.256277,0
1407042516.268295,0
1407042516.280057,0
1407042516.292278,0
1407042516.304172,0
1407042516.316057,0
1407042516.328208,0
1407042516.340273,0
1407042516.352289,0
1407042516.364537,0
1407042516.377421,0
1407042516.389240,0
1407042516.401291,0
1407042516.413931,0
1407042516.425943,0
1407042516.438015,0
1407042516.450098,0
1407042516.462503,0
1407042516.474890,0
1407042516.487109,0
1407042516.499446,0
1407042516.511953,0
1407042516.524229,0
1407042516.536525,0
1407042516.549356,0
1407042516.561408,0
1407042516.573714,0
1407042516.586029,0
1407042516.598114,0
1407042516.610233,0
1407042516.622373,0
1407042516.634843,0
1407042516.647012,0
1407042516.659117,0
1407042516.671252,0
1407042516.684049,0
1407042516.697031,0
1407042516.709020,0
1407042516.721128,0
1407042516.733874,0
1407042516.748208,0
1407042516.760428,0
1407042516.773184,0
1407042516.785290,0
1407042516.797532,0
1407042516.810565,0
1407042516.822795,0
1407042516.834884,0
1407042516.847152,0
1407042516.859377,0
1407042516.871631,0
1407042516.883893,0
1407042516.896264,0
1407042516.908679,0
1407042516.921021,0
1407042516.933194,0
1407042516.945505,0
1407042516.957842,0
1407042516.970030,0
1407042516.982163,0
1407042516.994309,0
1407042517.006935,0
1407042517.019122,0
1407042517.031293,0
1407042517.043440,0
1407042517.055665,0
1407042517.067792,0
1407042517.079967,0
1407042517.092164,0
1407042517.104126,0
1407042517.116415,0
1407042517.128490,0
1407042517.141634,0
1407042517.153844,0
1407042517.166205,0
1407042517.178489,0
1407042517.191549,0
1407042517.203845,0
1407042517.216057,0
1407042517.228270,0
1407042517.241018,0
1407042517.253131,0
1407042517.265808,0
1407042517.278141,0
1407042517.290395,0
1407042517.302621,0
1407042517.314869,0
1407042517.327104,0
1407042517.339358,0
1407042517.351359,0
1407042517.365238,0
1407042517.378233,0
1407042517.390344,0
1407042517.402311,0
1407042517.414490,0
1407042517.426614,0
1407042517.438726,0
1407042517.450528,0
1407042517.462585,0
1407042517.474859,0
1407042517.487100,0
1407042517.499332,0
1407042517.511504,0
1407042517.523714,0
1407042517.535801,0
1407042517.547868,0
1407042517.559951,0
1407042517.572037,0
1407042517.584048,0
1407042517.596048,0
1407042517.608126,0
1407042517.620385,0
1407042517.632564,0
1407042517.646057,0
1407042517.658861,0
1407042517.671389,0
1407042517.683605,0
1407042517.696419,0
1407042517.708159,0
1407042517.720039,0
1407042517.731910,0
1407042517.743763,0
1407042517.755738,0
1407042517.767896,0
1407042517.780090,0
1407042517.792350,0
1407042517.804590,0
1407042517.816851,0
1407042517.829079,0
1407042517.841230,0
1407042517.853485,0
1407042517.865692,0
1407042517.877976,0
1407042517.890306,0
1407042517.902662,0
1407042517.914950,0
1407042517.927160,0
1407042517.939432,0
1407042517.951720,0
1407042517.964041,0
1407042517.976500,0
1407042517.989016,0
1407042518.001615,0
1407042518.014029,0
1407042518.026431,0
1407042518.038602,0
1407042518.050844,0
1407042518.063099,0
1407042518.075395,0
1407042518.087483,0
1407042518.099653,0
1407042518.111897,0
1407042518.124292,0
1407042518.136839,0
1407042518.148861,0
1407042518.160926,0
1407042518.172348,0
1407042518.184998,0
1407042518.197667,0
1407042518.209732,0
1407042518.221621,0
1407042518.233513,0
1407042518.245577,0
1407042518.258412,0
1407042518.270532,0
1407042518.282589,0
1407042518.294704,0
1407042518.306818,0
1407042518.318925,0
1407042518.330997,0
1407042518.343024,0
1407042518.354948,0
1407042518.367169,0
1407042518.379245,0
1407042518.391331,0
1407042518.403387,0
1407042518.415742,0
1407042518.427817,0
1407042518.439899,0
1407042518.451958,0
1407042518.464104,0
1407042518.476118,0
1407042518.488185,0
1407042518.500326,0
1407042518.512248,0
1407042518.524051,0
1407042518.536226,0
1407042518.548347,0
1407042518.560420,0
1407042518.573434,0
1407042518.585937,0
1407042518.598433,0
1407042518.610948,0
1407042518.623315,0
1407042518.635655,0
1407042518.647991,0
1407042518.660724,0
1407042518.673220,0
1407042518.685656,0
1407042518.698220,0
1407042518.710499,0
1407042518.722708,0
1407042518.734964,0
1407042518.747172,0
1407042518.759503,0
1407042518.771844,0
1407042518.784176,0
1407042518.796586,0
1407042518.808903,0
1407042518.821256,0
1407042518.833558,0
1407042518.845985,0
1407042518.858253,0
1407042518.870544,0
1407042518.882895,0
1407042518.895254,0
1407042518.907580,0
1407042518.919885,0
1407042518.932254,0
1407042518.944600,0
1407042518.956961,0
1407042518.969275,0
1407042518.981625,0
1407042518.993936,0
1407042519.006110,0
1407042519.018319,0
1407042519.030520,0
1407042519.042718,0
1407042519.054894,0
1407042519.067063,0
1407042519.079204,0
1407042519.091425,0
1407042519.103575,0
1407042519.115791,0
1407042519.127963,0
1407042519.140269,0
1407042519.152477,0
1407042519.164851,0
1407042519.177215,0
1407042519.189974,0
1407042519.202023,0
1407042519.214861,0
1407042519.226958,0
1407042519.239073,0
1407042519.251095,0
1407042519.263285,0
1407042519.275547,0
1407042519.287768,0
1407042519.300049,0
1407042519.312060,0
1407042519.324404,0
1407042519.337290,0
1407042519.350027,0
1407042519.361942,0
1407042519.374057,0
1407042519.386202,0
1407042519.398674,0
1407042519.410921,0
1407042519.423091,0
1407042519.435054,0
1407042519.447234,0
1407042519.459454,0
1407042519.471585,0
1407042519.483899,0
1407042519.496051,0
1407042519.508408,0
1407042519.520585,0
1407042519.533271,0
1407042519.545244,0
1407042519.557285,0
1407042519.569795,0
1407042519.581898,0
1407042519.593924,0
1407042519.605945,0
1407042519.617869,0
1407042519.629856,0
1407042519.641843,0
1407042519.653962,0
1407042519.665771,0
1407042519.677814,0
1407042519.690133,0
1407042519.702045,0
1407042519.714086,0
1407042519.726100,0
1407042519.738138,0
1407042519.750029,0
1407042519.762220,0
1407042519.774453,0
1407042519.786764,0
1407042519.798881,0
1407042519.811080,0
1407042519.823274,0
1407042519.835514,0
1407042519.847750,0
1407042519.859878,0
1407042519.872115,0
1407042519.884641,0
1407042519.897110,0
1407042519.909475,0
1407042519.921886,0
1407042519.934327,0
1407042519.946385,0
1407042519.958374,0
1407042519.970394,0
1407042519.982491,0
1407042519.994571,0
1407042520.006717,0
1407042520.018900,0
1407042520.030991,0
1407042520.043153,0
1407042520.055761,0
1407042520.068039,0
1407042520.080051,0
1407042520.092051,0
1407042520.104179,0
1407042520.116243,0
1407042520.128445,0
1407042520.141287,0
1407042520.153308,0
1407042520.165840,0
1407042520.178293,0
1407042520.190701,0
1407042520.203139,0
1407042520.215512,0
1407042520.227938,0
1407042520.240369,0
1407042520.252745,0
1407042520.265059,0
1407042520.277289,0
1407042520.289469,0
1407042520.302062,0
1407042520.314581,0
1407042520.327082,0
1407042520.339890,0
1407042520.352744,0
1407042520.365576,0
1407042520.379072,0
1407042520.392106,0
1407042520.404673,0
1407042520.417197,0
1407042520.429575,0
1407042520.442118,0
1407042520.454560,0
1407042520.466979,0
1407042520.479455,0
1407042520.491926,0
1407042520.504466,0
1407042520.517014,0
1407042520.529546,0
1407042520.542011,0
1407042520.554403,0
1407042520.566685,0
1407042520.578938,0
1407042520.591198,0
1407042520.603453,0
1407042520.615688,0
1407042520.627965,0
1407042520.640484,0
1407042520.652679,0
1407042520.665081,0
1407042520.677429,0
1407042520.690167,0
1407042520.702352,0
1407042520.714901,0
1407042520.727109,0
1407042520.739327,0
1407042520.751725,0
1407042520.763867,0
1407042520.776042,0
1407042520.788386,0
1407042520.801144,0
1407042520.813075,0
1407042520.825771,0
1407042520.837981,0
1407042520.850163,0
1407042520.862542,0
1407042520.874778,0
1407042520.886813,0
1407042520.898861,0
1407042520.910850,0
1407042520.922820,0
1407042520.934669,0
1407042520.946639,0
1407042520.958646,0
1407042520.970661,0
1407042520.982749,0
1407042520.994735,0
1407042521.007047,0
1407042521.019224,0
1407042521.031061,0
1407042521.042900,0
1407042521.054717,0
1407042521.066516,0
1407042521.078313,0
1407042521.090069,0
1407042521.101818,0
1407042521.113635,0
1407042521.125518,0
1407042521.137586,0
1407042521.149497,0
1407042521.161618,0
1407042521.173813,0
1407042521.186018,0
1407042521.198281,0
1407042521.210436,0
1407042521.222704,0
1407042521.235019,0
1407042521.247224,0
1407042521.259478,0
1407042521.271731,0
1407042521.283291,0
1407042521.294810,0
1407042521.306312,0
1407042521.317830,0
1407042521.329003,0
1407042521.341280,0
1407042521.352708,0
1407042521.364407,0
1407042521.376220,0
1407042521.387813,0
1407042521.399501,0
1407042521.411283,0
1407042521.422947,0
1407042521.434606,0
1407042521.446294,0
1407042521.457988,0
1407042521.469861,0
1407042521.481806,0
1407042521.493824,0
1407042521.505896,0
1407042521.517958,0
1407042521.529867,0
1407042521.541793,0
1407042521.553731,0
1407042521.565823,0
1407042521.577724,0
1407042521.590247,0
1407042521.602103,0
1407042521.613959,0
1407042521.625831,0
1407042521.637727,0
1407042521.650109,0
1407042521.661972,0
1407042521.673823,0
1407042521.686856,0
1407042521.698830,0
1407042521.710781,0
1407042521.722676,0
1407042521.734535,0
1407042521.746382,0
1407042521.758492,0
1407042521.770043,0
1407042521.781831,0
1407042521.793720,0
1407042521.805604,0
1407042521.818225,0
1407042521.829856,0
1407042521.841738,0
1407042521.854369,0
1407042521.866289,0
1407042521.878242,0
1407042521.890215,0
1407042521.902097,0
1407042521.913995,0
1407042521.927269,0
1407042521.939289,0
1407042521.951342,0
1407042521.963167,0
1407042521.975033,0
1407042521.986959,0
1407042521.998837,0
1407042522.010741,0
1407042522.022644,0
1407042522.034546,0
1407042522.046476,0
1407042522.058494,0
1407042522.070413,0
1407042522.082321,0
1407042522.094614,0
1407042522.106516,0
1407042522.118432,0
1407042522.130210,0
1407042522.142076,0
1407042522.153874,0
1407042522.165705,0
1407042522.177618,0
1407042522.190300,0
1407042522.202175,0
1407042522.213993,0
1407042522.225821,0
1407042522.237673,0
1407042522.250029,0
1407042522.261948,0
1407042522.274006,0
1407042522.285876,0
1407042522.297957,0
1407042522.309927,0
1407042522.321960,0
1407042522.333904,0
1407042522.345969,0
1407042522.358010,0
1407042522.370241,0
1407042522.382151,0
1407042522.394051,0
1407042522.405864,0
1407042522.417969,0
1407042522.429844,0
1407042522.441818,0
1407042522.453764,0
1407042522.466569,0
1407042522.478480,0
1407042522.490415,0
1407042522.502317,0
1407042522.514289,0
1407042522.526723,0
1407042522.538683,0
1407042522.550483,0
1407042522.562423,0
1407042522.574335,0
1407042522.586649,0
1407042522.598560,0
1407042522.610516,0
1407042522.622435,0
1407042522.634456,0
1407042522.646482,0
1407042522.658626,0
1407042522.670597,0
1407042522.683098,0
1407042522.694735,0
1407042522.706268,0
1407042522.718223,0
1407042522.729777,0
1407042522.741389,0
1407042522.753650,0
1407042522.765143,0
1407042522.777050,0
1407042522.789008,0
1407042522.800900,0
1407042522.812890,0
1407042522.825017,0
1407042522.837168,0
1407042522.849698,0
1407042522.861733,0
1407042522.873828,0
1407042522.886651,0
1407042522.898696,0
1407042522.910692,0
1407042522.922671,0
1407042522.934657,0
1407042522.946675,0
1407042522.958672,0
1407042522.970823,0
1407042522.983000,0
1407042522.995335,0
1407042523.007454,0
1407042523.019581,0
1407042523.031478,0
1407042523.043442,0
1407042523.056043,0
1407042523.068049,0
1407042523.079944,0
1407042523.091831,0
1407042523.103782,0
1407042523.115695,0
1407042523.127636,0
1407042523.139804,0
1407042523.151827,0
1407042523.164369,0
1407042523.176731,0
1407042523.189016,0
1407042523.201417,0
1407042523.213835,0
1407042523.226533,0
1407042523.238979,0
1407042523.251502,0
1407042523.263959,0
1407042523.276574,0
1407042523.289057,0
1407042523.301489,0
1407042523.313865,0
1407042523.326144,0
1407042523.338634,0
1407042523.350893,0
1407042523.363910,0
1407042523.376476,0
1407042523.389172,0
1407042523.401425,0
1407042523.414343,0
1407042523.426415,0
1407042523.438580,0
1407042523.450481,0
1407042523.462709,0
1407042523.474785,0
1407042523.486861,0
1407042523.498974,0
1407042523.511059,0
1407042523.523261,0
1407042523.535377,0
1407042523.547449,0
1407042523.559407,0
1407042523.571413,0
1407042523.583383,0
1407042523.595497,0
1407042523.607516,0
1407042523.619532,0
1407042523.631521,0
1407042523.643563,0
1407042523.655627,0
1407042523.667821,0
1407042523.680041,0
1407042523.692597,0
1407042523.704512,0
1407042523.716652,0
1407042523.728574,0
1407042523.740391,0
1407042523.753110,0
1407042523.765035,0
1407042523.776902,0
1407042523.788889,0
1407042523.800906,0
1407042523.812910,0
1407042523.824945,0
1407042523.836901,0
1407042523.848830,0
1407042523.860768,0
1407042523.872808,0
1407042523.885022,0
1407042523.896864,0
1407042523.908859,0
1407042523.920839,0
1407042523.932663,0
1407042523.944349,0
1407042523.956865,0
1407042523.968567,0
1407042523.980852,0
1407042523.992666,0
1407042524.004668,0
1407042524.016658,0
1407042524.028594,0
1407042524.040459,0
1407042524.052335,0
1407042524.064222,0
1407042524.076190,0
1407042524.088116,0
1407042524.100109,0
1407042524.112098,0
1407042524.124037,0
1407042524.136038,0
1407042524.149613,0
1407042524.161560,0
1407042524.174169,0
1407042524.186339,0
1407042524.198297,0
1407042524.209987,0
1407042524.221653,0
1407042524.233364,0
1407042524.245083,0
1407042524.256935,0
1407042524.268595,0
1407042524.280210,0
1407042524.291948,0
1407042524.303817,0
1407042524.315907,0
1407042524.327789,0
1407042524.339632,0
1407042524.351414,0
1407042524.363683,0
1407042524.375581,0
1407042524.387510,0
1407042524.399392,0
1407042524.411283,0
1407042524.423192,0
1407042524.435184,0
1407042524.446939,0
1407042524.458826,0
1407042524.470773,0
1407042524.482731,0
1407042524.494612,0
1407042524.506848,0
1407042524.518956,0
1407042524.530925,0
1407042524.542800,0
1407042524.554830,0
1407042524.566804,0
1407042524.578763,0
1407042524.590626,0
1407042524.602572,0
1407042524.614459,0
1407042524.626464,0
1407042524.638295,0
1407042524.650032,0
1407042524.661963,0
1407042524.673911,0
1407042524.686979,0
1407042524.698930,0
1407042524.710861,0
1407042524.722767,0
1407042524.734747,0
1407042524.746596,0
1407042524.758608,0
1407042524.770612,0
1407042524.782690,0
1407042524.794750,0
1407042524.806864,0
1407042524.818922,0
1407042524.830992,0
1407042524.843084,0
1407042524.855238,0
1407042524.867385,0
1407042524.879528,0
1407042524.891776,0
1407042524.903949,0
1407042524.915933,0
1407042524.928131,0
1407042524.940280,0
1407042524.952487,0
1407042524.964525,0
1407042524.976720,0
1407042524.989045,0
1407042525.001221,0
1407042525.013066,0
1407042525.024981,0
1407042525.037364,0
1407042525.049428,0
1407042525.061350,0
1407042525.073453,0
1407042525.085288,0
1407042525.097202,0
1407042525.108952,0
1407042525.120900,0
1407042525.132879,0
1407042525.144889,0
1407042525.156960,0
1407042525.168949,0
1407042525.180925,0
1407042525.192925,0
1407042525.204938,0
1407042525.216894,0
1407042525.228896,0
1407042525.243180,1
1407042525.255190,0
1407042525.270039,7
1407042525.282217,3
1407042525.293674,7
1407042525.306336,6
1407042525.318141,6
1407042525.329883,7
1407042525.341743,7
1407042525.353363,8
1407042525.366195,9
1407042525.378041,8
1407042525.389809,8
1407042525.401699,10
1407042525.413593,10
1407042525.425787,9
1407042525.438122,10
1407042525.450607,11
1407042525.462930,12
1407042525.475255,11
1407042525.487552,11
1407042525.500316,12
1407042525.512897,13
1407042525.525530,14
1407042525.538203,13
1407042525.550846,13
1407042525.563315,15
1407042525.575926,15
1407042525.588548,14
1407042525.601211,15
1407042525.613950,15
1407042525.626547,17
1407042525.639232,17
1407042525.651817,16
1407042525.664476,17
1407042525.677181,17
1407042525.690160,19
1407042525.702842,18
1407042525.715314,18
1407042525.727819,19
1407042525.740683,20
1407042525.753544,21
1407042525.766330,20
1407042525.778895,20
1407042525.791753,21
1407042525.805256,22
1407042525.817987,23
1407042525.830674,22
1407042525.843256,22
1407042525.855820,23
1407042525.868280,24
1407042525.880705,25
1407042525.893229,24
1407042525.905631,24
1407042525.917990,26
1407042525.930416,26
1407042525.942713,25
1407042525.955217,26
1407042525.967592,26
1407042525.979924,28
1407042525.992333,27
1407042526.005279,27
1407042526.017612,28
1407042526.030962,29
1407042526.043169,30
1407042526.055190,29
1407042526.067104,29
1407042526.079208,31
1407042526.090993,31
1407042526.102754,30
1407042526.114627,31
1407042526.127312,32
1407042526.139493,33
1407042526.150855,32
1407042526.162442,32
1407042526.173988,34
1407042526.185740,33
1407042526.197504,33
1407042526.209368,35
1407042526.221125,35
1407042526.233110,34
1407042526.245247,35
1407042526.257230,36
1407042526.269321,37
1407042526.281502,36
1407042526.293588,36
1407042526.305700,38
1407042526.317985,38
1407042526.329917,37
1407042526.341902,38
1407042526.353885,39
1407042526.366827,40
1407042526.379151,39
1407042526.391130,39
1407042526.402930,41
1407042526.414706,41
1407042526.426722,40
1407042526.438514,41
1407042526.450029,42
1407042526.462635,43
1407042526.474523,42
1407042526.486617,42
1407042526.498679,44
1407042526.510840,44
1407042526.522889,43
1407042526.534909,44
1407042526.547037,45
1407042526.559246,46
1407042526.571442,45
1407042526.583569,45
1407042526.595717,47
1407042526.607848,47
1407042526.619931,46
1407042526.632034,47
1407042526.644258,48
1407042526.656540,49
1407042526.668822,48
1407042526.680587,48
1407042526.692366,50
1407042526.703886,49
1407042526.715869,49
1407042526.727801,50
1407042526.739624,51
1407042526.751294,50
1407042526.763525,51
1407042526.775625,51
1407042526.787653,53
1407042526.799916,52
1407042526.812383,52
1407042526.824914,53
1407042526.837478,54
1407042526.849881,55
1407042526.862310,54
1407042526.874727,54
1407042526.887223,56
1407042526.899759,56
1407042526.911383,55
1407042526.923187,56
1407042526.934784,57
1407042526.946165,56
1407042526.957997,57
1407042526.970403,57
1407042526.982128,59
1407042526.993970,58
1407042527.006139,58
1407042527.017886,59
1407042527.029773,60
1407042527.042790,59
1407042527.054744,60
1407042527.066712,60
1407042527.078753,62
1407042527.090710,61
1407042527.102662,61
1407042527.114673,62
1407042527.126719,63
1407042527.138791,62
1407042527.150858,63
1407042527.162884,63
1407042527.175021,65
1407042527.187264,64
1407042527.199444,64
1407042527.211684,65
1407042527.223926,66
1407042527.236170,65
1407042527.248694,66
1407042527.261000,66
1407042527.273430,68
1407042527.285830,68
1407042527.298287,67
1407042527.310607,68
1407042527.323053,69
1407042527.335406,70
1407042527.347606,69
1407042527.360158,69
1407042527.373001,70
1407042527.385720,71
1407042527.398115,70
1407042527.410528,71
1407042527.423276,71
1407042527.435738,73
1407042527.448459,73
1407042527.460967,72
1407042527.473552,73
1407042527.486074,73
1407042527.498471,75
1407042527.511160,74
1407042527.523656,74
1407042527.536073,75
1407042527.548714,76
1407042527.561103,77
1407042527.573450,76
1407042527.585833,76
1407042527.598300,78
1407042527.610559,78
1407042527.622892,77
1407042527.635285,78
1407042527.647660,78
1407042527.659943,80
1407042527.672416,79
1407042527.685100,79
1407042527.697254,80
1407042527.709488,81
1407042527.721930,82
1407042527.734014,81
1407042527.746767,81
1407042527.758855,83
1407042527.771103,83
1407042527.783243,82
1407042527.795280,83
1407042527.807395,84
1407042527.819582,85
1407042527.831687,84
1407042527.843815,84
1407042527.856051,86
1407042527.868447,86
1407042527.880689,85
1407042527.892941,86
1407042527.905261,87
1407042527.917519,88
1407042527.929988,87
1407042527.942212,87
1407042527.954452,88
1407042527.966717,89
1407042527.978912,88
1407042527.991174,89
1407042528.003428,89
1407042528.015776,91
1407042528.028340,90
1407042528.040727,90
1407042528.053151,91
1407042528.065605,92
1407042528.078289,93
1407042528.090922,92
1407042528.103467,92
1407042528.115701,93
1407042528.128531,94
1407042528.141713,95
1407042528.154562,94
1407042528.167218,94
1407042528.179896,96
1407042528.192468,96
1407042528.205075,95
1407042528.217615,96
1407042528.230294,96
1407042528.242841,98
1407042528.255442,98
1407042528.267984,97
1407042528.280545,98
1407042528.293118,98
1407042528.305553,100
1407042528.318766,99
1407042528.331544,99
1407042528.343954,99
1407042528.356583,100
1407042528.369172,100
1407042528.381696,99
1407042528.393923,99
1407042528.406258,99
1407042528.418256,100
1407042528.430258,99
1407042528.442341,99
1407042528.454490,99
1407042528.466603,100
1407042528.478701,99
1407042528.490876,99
1407042528.503039,99
1407042528.515257,100
1407042528.527449,99
1407042528.539702,99
1407042528.551961,99
1407042528.564240,100
1407042528.576568,99
1407042528.588927,99
1407042528.601961,99
1407042528.614274,100
1407042528.626786,100
1407042528.639132,99
1407042528.651494,99
1407042528.663839,100
1407042528.676291,100
1407042528.689053,99
1407042528.701560,99
1407042528.714076,99
1407042528.726520,100
1407042528.739151,99
1407042528.751633,99
1407042528.764332,99
1407042528.777130,100
1407042528.789833,100
1407042528.802532,99
1407042528.814813,99
1407042528.827350,99
1407042528.839839,100
1407042528.852488,100
1407042528.865011,99
1407042528.877284,99
1407042528.889639,100
1407042528.902172,100
1407042528.914497,99
1407042528.926851,99
1407042528.939111,99
1407042528.951531,100
1407042528.963890,99
1407042528.976399,99
1407042528.988967,99
1407042529.001527,100
1407042529.014023,100
1407042529.026504,99
1407042529.038968,99
1407042529.051514,100
1407042529.063992,100
1407042529.076914,99
1407042529.089521,99
1407042529.102271,99
1407042529.114592,100
1407042529.127047,100
1407042529.139402,99
1407042529.151850,99
1407042529.164278,100
1407042529.176802,100
1407042529.189278,99
1407042529.201908,99
1407042529.214343,99
1407042529.227666,100
1407042529.240430,100
1407042529.253007,99
1407042529.265662,99
1407042529.278325,99
1407042529.290917,100
1407042529.303484,99
1407042529.315720,99
1407042529.328178,99
1407042529.340668,100
1407042529.353339,100
1407042529.366127,99
1407042529.378576,99
1407042529.391166,99
1407042529.403608,100
1407042529.415760,99
1407042529.428299,99
1407042529.440840,99
1407042529.453388,100
1407042529.465945,100
1407042529.478509,99
1407042529.491112,99
1407042529.503560,100
1407042529.515849,100
1407042529.528073,99
1407042529.540414,99
1407042529.552789,99
1407042529.565124,100
1407042529.577538,99
1407042529.590328,99
1407042529.602829,99
1407042529.615035,100
1407042529.627396,100
1407042529.639734,99
1407042529.652309,99
1407042529.664835,100
1407042529.677783,100
1407042529.690671,99
1407042529.703168,99
1407042529.715739,99
1407042529.728426,100
1407042529.741702,100
1407042529.754349,99
1407042529.766977,99
1407042529.779441,99
1407042529.792113,100
1407042529.804831,99
1407042529.817300,99
1407042529.829972,99
1407042529.842455,100
1407042529.855164,100
1407042529.867885,99
1407042529.880839,99
1407042529.893703,99
1407042529.906158,100
1407042529.918853,100
1407042529.931404,99
1407042529.943914,99
1407042529.956844,99
1407042529.969409,100
1407042529.982045,99
1407042529.994613,99
1407042530.007194,99
1407042530.019766,100
1407042530.032188,100
1407042530.044776,99
1407042530.057385,99
1407042530.070182,99
1407042530.082093,100
1407042530.095226,99
1407042530.107540,99
1407042530.119954,99
1407042530.131968,100
1407042530.143688,99
1407042530.155865,99
1407042530.167584,99
1407042530.179239,100
1407042530.190964,99
1407042530.202619,99
1407042530.214243,100
1407042530.225382,100
1407042530.236865,99
1407042530.248972,99
1407042530.260827,100
1407042530.272627,99
1407042530.284438,99
1407042530.296994,99
1407042530.308923,100
1407042530.320884,99
1407042530.332899,99
1407042530.344880,99
1407042530.356839,100
1407042530.368980,99
1407042530.380875,99
1407042530.392910,99
1407042530.404840,100
1407042530.416527,99
1407042530.428276,99
1407042530.440194,100
1407042530.452398,100
1407042530.464042,99
1407042530.475904,99
1407042530.487641,100
1407042530.499370,100
1407042530.511191,99
1407042530.522966,99
1407042530.534962,100
1407042530.546926,99
1407042530.558947,99
1407042530.571018,99
1407042530.583000,100
1407042530.595054,99
1407042530.607080,99
1407042530.619214,99
1407042530.631344,100
1407042530.643473,99
1407042530.655640,99
1407042530.667917,99
1407042530.680353,100
1407042530.692968,99
1407042530.705162,99
1407042530.717380,99
1407042530.729714,100
1407042530.742048,100
1407042530.754133,99
1407042530.766127,99
1407042530.778329,100
1407042530.790672,100
1407042530.802617,99
1407042530.814594,99
1407042530.826618,100
1407042530.838652,100
1407042530.850760,99
1407042530.862861,99
1407042530.874936,100
1407042530.887073,100
1407042530.899264,99
1407042530.911356,99
1407042530.923489,100
1407042530.935723,100
1407042530.947862,99
1407042530.960237,99
1407042530.972642,100
1407042530.985219,100
1407042530.997655,99
1407042531.010111,99
1407042531.022559,99
1407042531.034997,100
1407042531.047371,99
1407042531.059726,99
1407042531.072150,99
1407042531.084580,100
1407042531.097032,100
1407042531.109457,99
1407042531.121841,99
1407042531.134211,100
1407042531.146388,100
1407042531.158698,99
1407042531.171129,98
1407042531.183443,100
1407042531.195779,100
1407042531.207822,99
1407042531.219987,99
1407042531.233325,99
1407042531.245713,100
1407042531.258274,99
1407042531.270659,99
1407042531.283033,99
1407042531.295472,100
1407042531.308037,100
1407042531.320869,99
1407042531.333413,99
1407042531.346095,99
1407042531.358531,100
1407042531.371223,99
1407042531.383645,99
1407042531.396147,99
1407042531.408707,100
1407042531.421350,100
1407042531.433967,99
1407042531.446556,99
1407042531.459323,99
1407042531.471838,100
1407042531.484495,99
1407042531.496973,99
1407042531.509296,99
1407042531.521740,100
1407042531.534095,100
1407042531.546445,99
1407042531.567655,100
1407042531.581067,98
1407042531.593324,99
1407042531.605674,99
1407042531.617941,99
1407042531.630253,99
1407042531.642578,99
1407042531.654979,99
1407042531.666976,99
1407042531.679004,99
1407042531.691293,99
1407042531.703274,99
1407042531.715325,99
1407042531.727421,99
1407042531.739426,99
1407042531.751877,99
1407042531.764774,99
1407042531.777379,99
1407042531.791106,98
1407042531.803661,99
1407042531.816433,99
1407042531.829079,99
1407042531.842514,99
1407042531.855311,98
1407042531.867907,99
1407042531.880669,99
1407042531.893242,99
1407042531.905967,99
1407042531.918585,98
1407042531.931173,99
1407042531.943859,98
1407042531.956529,99
1407042531.969388,99
1407042531.982298,99
1407042531.995118,99
1407042532.007963,98
1407042532.020790,99
1407042532.033649,99
1407042532.046384,99
1407042532.059230,99
1407042532.071921,98
1407042532.084553,99
1407042532.097272,98
1407042532.109815,99
1407042532.122585,99
1407042532.135171,99
1407042532.147826,99
1407042532.160741,98
1407042532.180501,99
1407042532.193650,99
1407042532.206308,100
1407042532.218722,99
1407042532.231171,100
1407042532.243628,100
1407042532.256315,100
1407042532.268872,100
1407042532.281600,100
1407042532.294198,100
1407042532.306779,99
1407042532.319230,100
1407042532.331764,99
1407042532.344286,100
1407042532.356966,100
1407042532.369639,100
1407042532.382184,100
1407042532.394748,100
1407042532.407228,100
1407042532.419777,99
1407042532.432349,100
1407042532.444936,99
1407042532.457118,100
1407042532.469294,99
1407042532.481705,100
1407042532.494205,100
1407042532.506592,100
1407042532.519019,100
1407042532.531389,100
1407042532.543757,100
1407042532.556537,100
1407042532.569075,100
1407042532.581705,99
1407042532.594376,100
1407042532.606986,100
1407042532.619530,100
1407042532.632164,100
1407042532.645586,99
1407042532.658192,100
1407042532.671200,99
1407042532.683810,100
1407042532.696916,100
1407042532.709553,100
1407042532.722065,100
1407042532.734602,99
1407042532.747151,100
1407042532.759640,99
1407042532.772313,100
1407042532.784984,100
1407042532.797680,100
1407042532.810462,100
1407042532.823108,99
1407042532.835729,100
1407042532.849210,99
1407042532.861846,100
1407042532.874529,100
1407042532.887256,100
1407042532.899798,100
1407042532.912387,99
1407042532.924858,100
1407042532.937416,99
1407042532.949965,100
1407042532.962610,100
1407042532.975270,100
1407042532.988467,99
1407042533.001627,99
1407042533.014416,100
1407042533.026885,99
1407042533.039255,100
1407042533.051660,100
1407042533.064088,100
1407042533.076641,100
1407042533.089153,100
1407042533.101778,100
1407042533.114361,99
1407042533.126788,100
1407042533.139345,99
1407042533.151861,100
1407042533.164510,100
1407042533.176967,100
1407042533.189486,100
1407042533.201926,100
1407042533.214431,100
1407042533.226986,99
1407042533.239497,100
1407042533.253137,99
1407042533.265866,100
1407042533.278702,100
1407042533.291321,100
1407042533.303912,100
1407042533.316537,99
1407042533.329004,100
1407042533.341637,99
1407042533.353853,100
1407042533.365862,99
1407042533.378905,100
1407042533.391086,100
1407042533.402832,100
1407042533.415732,100
1407042533.427782,100
1407042533.439614,100
1407042533.451278,100
1407042533.463406,100
1407042533.475030,100
1407042533.488035,99
1407042533.500174,100
1407042533.512587,100
1407042533.524916,100
1407042533.537355,100
1407042533.549765,100
1407042533.562249,100
1407042533.574679,99
1407042533.587097,100
1407042533.599552,99
1407042533.612164,100
1407042533.624655,100
1407042533.637291,100
1407042533.650027,100
1407042533.662479,100
1407042533.674952,100
1407042533.688693,99
1407042533.701133,100
1407042533.713489,100
1407042533.725846,100
1407042533.738300,100
1407042533.750589,100
1407042533.763065,100
1407042533.775408,100
1407042533.788569,100
1407042533.801104,97
1407042533.813730,99
1407042533.826320,99
1407042533.838787,100
1407042533.851438,99
1407042533.864146,100
1407042533.876939,100
1407042533.889925,100
1407042533.902648,100
1407042533.915398,99
1407042533.928049,100
1407042533.940821,100
1407042533.953460,100
1407042533.966285,100
1407042533.978967,99
1407042533.991561,100
1407042534.004266,99
1407042534.016840,100
1407042534.029470,99
1407042534.042892,99
1407042534.055675,98
1407042534.068712,96
1407042534.081501,96
1407042534.094629,95
1407042534.107212,95
1407042534.119975,94
1407042534.132826,92
1407042534.145785,92
1407042534.158678,91
1407042534.171385,91
1407042534.184286,90
1407042534.197187,88
1407042534.209759,88
1407042534.222445,87
1407042534.235121,87
1407042534.247801,86
1407042534.260622,85
1407042534.273450,84
1407042534.286453,83
1407042534.299212,83
1407042534.312158,82
1407042534.324977,81
1407042534.337875,80
1407042534.350620,79
1407042534.363372,79
1407042534.375927,77
1407042534.387940,77
1407042534.399844,76
1407042534.412125,76
1407042534.424428,74
1407042534.437152,74
1407042534.449498,75
1407042534.461626,75
1407042534.474689,75
1407042534.486891,75
1407042534.499274,75
1407042534.511544,75
1407042534.523777,75
1407042534.536107,74
1407042534.548550,75
1407042534.561035,74
1407042534.573522,75
1407042534.585926,74
1407042534.598388,75
1407042534.610701,77
1407042534.623254,77
1407042534.635935,77
1407042534.649434,76
1407042534.662191,77
1407042534.675161,76
1407042534.688311,77
1407042534.701064,77
1407042534.713586,76
1407042534.726110,77
1407042534.738719,76
1407042534.751356,77
1407042534.764200,77
1407042534.777007,77
1407042534.789859,77
1407042534.803386,76
1407042534.815896,77
1407042534.828792,77
1407042534.841341,77
1407042534.854119,77
1407042534.866797,77
1407042534.879466,77
1407042534.892153,76
1407042534.905446,77
1407042534.918124,77
1407042534.930682,77
1407042534.943277,77
1407042534.956128,76
1407042534.968947,77
1407042534.982030,76
1407042534.995434,77
1407042535.008271,77
1407042535.021142,76
1407042535.033960,77
1407042535.046866,77
1407042535.059549,77
1407042535.071788,77
1407042535.083952,77
1407042535.095635,77
1407042535.108388,77
1407042535.120309,77
1407042535.132962,77
1407042535.144888,77
1407042535.156909,77
1407042535.169860,77
1407042535.182061,76
1407042535.193713,77
1407042535.205375,77
1407042535.217139,77
1407042535.229003,78
1407042535.241080,78
1407042535.253364,78
1407042535.264897,78
1407042535.276648,78
1407042535.289368,77
1407042535.301237,78
1407042535.313085,78
1407042535.324985,78
1407042535.337001,77
1407042535.349024,78
1407042535.361099,77
1407042535.373470,78
1407042535.385886,77
1407042535.398129,77
1407042535.410481,76
1407042535.422739,75
1407042535.434722,74
1407042535.446994,74
1407042535.459133,73
1407042535.471311,72
1407042535.483495,71
1407042535.495906,71
1407042535.508141,70
1407042535.521475,68
1407042535.533768,68
1407042535.546318,67
1407042535.558623,67
1407042535.571242,65
1407042535.583645,65
1407042535.596167,64
1407042535.608655,64
1407042535.620043,63
1407042535.631735,62
1407042535.643600,61
1407042535.655511,61
1407042535.667610,59
1407042535.680902,59
1407042535.693441,58
1407042535.705279,58
1407042535.718079,57
1407042535.730915,56
1407042535.743127,55
1407042535.755609,54
1407042535.767856,54
1407042535.780171,52
1407042535.792453,52
1407042535.804991,51
1407042535.817406,51
1407042535.829692,49
1407042535.842039,49
1407042535.854372,49
1407042535.866750,49
1407042535.878935,49
1407042535.891204,48
1407042535.903498,47
1407042535.915977,47
1407042535.928540,46
1407042535.941029,44
1407042535.953490,44
1407042535.966162,43
1407042535.978596,43
1407042535.991180,41
1407042536.003638,41
1407042536.016314,42
1407042536.028771,41
1407042536.041163,41
1407042536.053629,42
1407042536.066044,42
1407042536.078394,41
1407042536.090839,41
1407042536.103256,41
1407042536.115913,42
1407042536.128416,41
1407042536.140932,41
1407042536.153535,41
1407042536.166026,42
1407042536.178659,42
1407042536.191194,41
1407042536.205032,41
1407042536.217724,41
1407042536.230739,42
1407042536.243557,42
1407042536.255777,41
1407042536.268193,41
1407042536.280584,41
1407042536.293090,42
1407042536.305563,41
1407042536.318081,41
1407042536.330514,41
1407042536.342947,42
1407042536.355544,42
1407042536.367699,41
1407042536.379889,41
1407042536.391826,42
1407042536.403846,42
1407042536.415654,41
1407042536.427580,41
1407042536.439670,42
1407042536.452149,42
1407042536.464476,41
1407042536.476945,41
1407042536.489498,42
1407042536.501930,41
1407042536.514362,41
1407042536.526821,42
1407042536.539375,42
1407042536.551844,43
1407042536.564524,42
1407042536.577282,42
1407042536.590015,42
1407042536.602777,43
1407042536.615160,43
1407042536.627528,42
1407042536.639891,42
1407042536.652330,42
1407042536.664747,43
1407042536.678023,43
1407042536.690482,42
1407042536.702659,42
1407042536.714625,43
1407042536.727506,43
1407042536.739085,42
1407042536.751077,42
1407042536.762995,43
1407042536.775129,43
1407042536.786916,42
1407042536.798618,42
1407042536.810307,43
1407042536.821912,42
1407042536.833483,42
1407042536.845720,42
1407042536.857141,43
1407042536.868566,42
1407042536.880708,42
1407042536.892229,43
1407042536.903737,43
1407042536.915240,42
1407042536.926651,42
1407042536.938117,43
1407042536.949590,42
1407042536.961327,42
1407042536.973018,43
1407042536.984769,43
1407042536.996484,42
1407042537.008200,42
1407042537.019737,43
1407042537.031293,42
1407042537.042830,42
1407042537.054476,43
1407042537.066103,43
1407042537.077790,42
1407042537.089618,42
1407042537.101536,43
1407042537.113571,42
1407042537.125685,42
1407042537.137813,42
1407042537.149929,42
1407042537.162289,41
1407042537.174492,41
1407042537.186716,41
1407042537.198795,40
1407042537.211085,40
1407042537.223414,41
1407042537.235785,41
1407042537.248092,40
1407042537.260658,40
1407042537.273468,40
1407042537.286394,41
1407042537.298763,40
1407042537.311322,40
1407042537.323886,40
1407042537.336461,41
1407042537.348854,41
1407042537.361520,40
1407042537.373918,40
1407042537.386342,40
1407042537.398607,42
1407042537.410905,41
1407042537.423281,41
1407042537.435680,41
1407042537.447958,42
1407042537.460512,41
1407042537.473124,41
1407042537.485845,41
1407042537.497897,42
1407042537.510115,42
1407042537.522026,41
1407042537.534153,41
1407042537.546302,42
1407042537.558208,42
1407042537.570384,41
1407042537.582550,41
1407042537.594639,42
1407042537.606861,42
1407042537.618508,41
1407042537.630955,41
1407042537.642925,42
1407042537.655370,41
1407042537.667325,41
1407042537.679604,41
1407042537.692235,42
1407042537.704508,42
1407042537.716855,41
1407042537.729192,41
1407042537.742554,41
1407042537.754849,42
1407042537.767088,41
1407042537.779406,41
1407042537.792389,41
1407042537.804745,41
1407042537.817051,41
1407042537.830068,42
1407042537.842266,42
1407042537.854390,41
1407042537.866610,41
1407042537.878840,41
1407042537.891050,42
1407042537.903319,41
1407042537.915334,41
1407042537.927676,41
1407042537.939885,42
1407042537.952182,41
1407042537.964388,41
1407042537.976761,41
1407042537.989049,42
1407042538.001384,41
1407042538.013716,41
1407042538.026039,41
1407042538.038442,42
1407042538.050941,42
1407042538.063362,41
1407042538.076130,41
1407042538.088892,41
1407042538.101675,42
1407042538.114337,41
1407042538.126874,41
1407042538.139365,41
1407042538.152102,42
1407042538.164792,42
1407042538.177457,41
1407042538.190042,41
1407042538.202732,41
1407042538.215032,42
1407042538.227527,41
1407042538.240163,41
1407042538.252792,41
1407042538.265370,42
1407042538.278101,42
1407042538.290658,41
1407042538.303187,41
1407042538.315529,41
1407042538.327937,42
1407042538.340488,41
1407042538.352947,41
1407042538.365039,41
1407042538.377449,42
1407042538.389965,42
1407042538.402228,41
1407042538.414372,41
1407042538.426942,42
1407042538.439268,42
1407042538.451552,41
1407042538.463841,41
1407042538.476647,42
1407042538.488967,42
1407042538.501430,41
1407042538.513807,41
1407042538.526241,41
1407042538.538490,42
1407042538.550866,41
1407042538.563094,41
1407042538.575350,41
1407042538.587547,42
1407042538.599862,42
1407042538.612140,41
1407042538.624427,41
1407042538.636846,42
1407042538.649492,42
1407042538.662156,41
1407042538.674688,41
1407042538.687550,41
1407042538.700656,42
1407042538.713405,42
1407042538.726191,41
1407042538.738745,41
1407042538.751364,41
1407042538.764087,42
1407042538.776880,41
1407042538.789451,41
1407042538.802170,41
1407042538.814591,42
1407042538.827057,42
1407042538.839493,41
1407042538.852153,41
1407042538.864950,41
1407042538.877708,42
1407042538.890498,42
1407042538.903216,41
1407042538.915536,41
1407042538.928419,42
1407042538.941127,42
1407042538.953889,41
1407042538.966794,41
1407042538.979522,41
1407042538.992285,42
1407042539.005100,42
1407042539.017707,41
1407042539.030415,41
1407042539.043204,41
1407042539.055909,42
1407042539.068704,42
1407042539.081436,41
1407042539.094204,41
1407042539.107025,41
1407042539.119705,42
1407042539.132630,42
1407042539.145503,41
1407042539.158401,41
1407042539.171407,41
1407042539.184190,42
1407042539.196885,41
1407042539.209626,41
1407042539.222300,41
1407042539.235183,42
1407042539.247721,42
1407042539.260320,41
1407042539.272919,41
1407042539.285803,41
1407042539.298556,42
1407042539.311317,42
1407042539.323849,41
1407042539.336688,41
1407042539.349487,41
1407042539.361626,42
1407042539.374188,41
1407042539.386635,41
1407042539.398980,41
1407042539.411362,42
1407042539.423757,42
1407042539.436334,41
1407042539.448738,41
1407042539.461310,42
1407042539.473923,42
1407042539.487260,41
1407042539.499920,41
1407042539.512599,41
1407042539.525075,42
1407042539.537702,42
1407042539.550180,41
1407042539.562804,41
1407042539.575294,41
1407042539.587851,42
1407042539.600391,41
1407042539.613727,41
1407042539.626151,41
1407042539.638460,42
1407042539.650655,42
1407042539.662952,41
1407042539.675246,41
1407042539.687086,42
1407042539.699456,42
1407042539.711776,41
1407042539.724201,41
1407042539.736591,41
1407042539.748932,42
1407042539.761520,41
1407042539.774041,41
1407042539.786528,41
1407042539.799003,42
1407042539.811724,42
1407042539.824044,41
1407042539.837395,41
1407042539.850133,41
1407042539.862412,42
1407042539.874638,41
1407042539.886942,41
1407042539.899370,41
1407042539.911720,42
1407042539.924133,42
1407042539.936718,41
1407042539.949143,41
1407042539.961605,42
1407042539.974074,42
1407042539.986264,41
1407042539.998444,41
1407042540.011469,41
1407042540.023663,42
1407042540.035951,41
1407042540.048301,41
1407042540.060795,41
1407042540.073146,42
1407042540.086455,42
1407042540.099091,41
1407042540.111723,41
1407042540.124448,41
1407042540.137126,42
1407042540.149862,43
1407042540.162432,42
1407042540.175155,42
1407042540.187903,43
1407042540.200880,43
1407042540.213755,42
1407042540.226487,42
1407042540.239277,42
1407042540.252082,43
1407042540.264951,43
1407042540.277816,42
1407042540.290654,42
1407042540.303448,42
1407042540.316215,43
1407042540.329005,43
1407042540.341793,42
1407042540.354519,42
1407042540.367739,42
1407042540.380591,43
1407042540.394233,43
1407042540.406885,42
1407042540.419279,42
1407042540.431524,42
1407042540.443912,43
1407042540.456238,42
1407042540.468709,42
1407042540.481908,42
1407042540.494415,43
1407042540.507114,44
1407042540.519640,43
1407042540.532314,43
1407042540.544807,43
1407042540.557376,44
1407042540.570878,44
1407042540.583530,43
1407042540.596368,43
1407042540.609252,43
1407042540.622070,44
1407042540.635068,44
1407042540.647805,43
1407042540.660598,43
1407042540.673412,43
1407042540.686265,44
1407042540.699002,44
1407042540.711591,43
1407042540.724250,43
1407042540.737090,44
1407042540.749814,44
1407042540.762583,43
1407042540.775381,43
1407042540.788192,43
1407042540.800610,44
1407042540.813392,44
1407042540.825030,43
1407042540.838066,43
1407042540.850030,44
1407042540.862182,44
1407042540.874521,43
1407042540.887111,43
1407042540.899425,43
1407042540.911761,44
1407042540.924157,43
1407042540.936606,43
1407042540.949127,43
1407042540.961561,44
1407042540.974093,44
1407042540.986455,43
1407042540.998931,43
1407042541.011332,44
1407042541.023796,44
1407042541.036310,43
1407042541.048782,43
1407042541.062047,43
1407042541.074428,44
1407042541.086921,44
1407042541.099344,43
1407042541.111632,43
1407042541.123954,44
1407042541.136418,44
1407042541.148973,43
1407042541.161450,43
1407042541.174012,43
1407042541.186387,44
1407042541.199211,43
1407042541.211830,43
1407042541.225264,43
1407042541.238319,43
1407042541.250031,44
1407042541.262186,43
1407042541.275031,43
1407042541.288285,43
1407042541.300465,44
1407042541.313747,44
1407042541.326305,43
1407042541.338792,43
1407042541.351322,43
1407042541.363686,44
1407042541.376432,43
1407042541.389175,43
1407042541.401998,43
1407042541.414574,44
1407042541.427243,44
1407042541.439808,43
1407042541.452416,43
1407042541.465122,43
1407042541.477936,44
1407042541.490742,44
1407042541.503473,43
1407042541.516301,43
1407042541.529137,43
1407042541.541815,44
1407042541.554694,43
1407042541.576510,44
1407042541.589092,44
1407042541.601736,43
1407042541.614361,43
1407042541.627010,43
1407042541.639584,44
1407042541.652503,44
1407042541.665266,43
1407042541.678095,43
1407042541.691782,43
1407042541.704817,44
1407042541.717156,44
1407042541.729560,43
1407042541.742445,43
1407042541.754791,43
1407042541.766952,44
1407042541.779527,43
1407042541.791733,43
1407042541.804040,43
1407042541.816283,44
1407042541.828401,43
1407042541.840672,43
1407042541.853063,43
1407042541.865462,44
1407042541.878275,44
1407042541.890704,43
1407042541.903168,43
1407042541.916156,44
1407042541.928863,44
1407042541.942266,43
1407042541.954754,43
1407042541.967250,43
1407042541.979741,44
1407042541.992432,44
1407042542.004920,43
1407042542.017294,43
1407042542.030687,43
1407042542.043308,44
1407042542.056089,44
1407042542.068725,43
1407042542.081315,43
1407042542.094230,43
1407042542.106810,44
1407042542.119157,43
1407042542.131459,43
1407042542.143202,43
1407042542.155817,44
1407042542.168532,44
1407042542.181356,43
1407042542.194052,43
1407042542.206381,44
1407042542.219350,44
1407042542.232194,43
1407042542.244899,43
1407042542.257596,43
1407042542.270273,44
1407042542.282996,44
1407042542.295692,43
1407042542.308445,43
1407042542.321213,43
1407042542.333870,44
1407042542.346621,44
1407042542.359242,43
1407042542.371849,43
1407042542.384982,44
1407042542.397372,44
1407042542.409353,43
1407042542.421584,43
1407042542.433793,43
1407042542.445637,44
1407042542.458563,43
1407042542.470631,43
1407042542.482603,43
1407042542.494704,44
1407042542.506759,43
1407042542.518837,43
1407042542.530745,43
1407042542.542823,44
1407042542.555070,43
1407042542.567291,43
1407042542.579558,43
1407042542.591745,44
1407042542.603974,43
1407042542.616322,43
1407042542.629549,43
1407042542.641793,44
1407042542.654207,44
1407042542.666475,43
1407042542.678758,43
1407042542.690862,44
1407042542.703032,44
1407042542.715330,43
1407042542.727572,43
1407042542.740053,43
1407042542.752355,44
1407042542.765513,43
1407042542.777794,43
1407042542.790095,43
1407042542.802558,44
1407042542.815193,44
1407042542.827692,43
1407042542.840353,43
1407042542.853133,43
1407042542.865940,44
1407042542.878515,43
1407042542.891078,43
1407042542.904604,43
1407042542.917301,44
1407042542.929921,44
1407042542.942472,43
1407042542.955176,43
1407042542.967813,43
1407042542.980490,44
1407042542.993242,44
1407042543.005936,43
1407042543.018503,43
1407042543.031186,44
1407042543.043617,45
1407042543.056367,44
1407042543.068988,44
1407042543.081678,44
1407042543.094452,45
1407042543.106131,45
1407042543.118904,44
1407042543.131002,44
1407042543.143054,45
1407042543.155833,45
1407042543.167948,44
1407042543.180464,44
1407042543.192651,44
1407042543.205351,45
1407042543.218129,44
1407042543.230773,44
1407042543.243482,44
1407042543.256404,45
1407042543.269112,45
1407042543.281822,44
1407042543.294523,44
1407042543.307126,44
1407042543.319458,45
1407042543.333022,45
1407042543.345750,44
1407042543.358235,44
1407042543.371583,44
1407042543.383917,45
1407042543.396194,44
1407042543.408286,44
1407042543.420853,44
1407042543.433084,45
1407042543.445970,45
1407042543.458295,44
1407042543.470970,44
1407042543.483659,44
1407042543.496481,45
1407042543.508973,45
1407042543.521462,44
1407042543.534552,44
1407042543.546739,45
1407042543.559035,45
1407042543.571389,44
1407042543.584787,44
1407042543.596278,44
1407042543.609486,45
1407042543.621496,44
1407042543.635024,44
1407042543.647318,44
1407042543.659517,45
1407042543.671739,45
1407042543.684043,44
1407042543.695840,44
1407042543.707924,45
1407042543.720564,45
1407042543.732485,44
1407042543.744697,44
1407042543.756718,45
1407042543.769619,45
1407042543.781982,44
1407042543.794273,44
1407042543.806745,44
1407042543.819170,45
1407042543.831580,44
1407042543.844042,44
1407042543.856554,44
1407042543.869079,45
1407042543.881636,45
1407042543.894155,44
1407042543.906656,44
1407042543.919149,44
1407042543.931633,45
1407042543.944345,44
1407042543.957000,44
1407042543.969668,44
1407042543.982455,45
1407042543.995096,45
1407042544.007706,44
1407042544.020454,44
1407042544.033114,44
1407042544.045678,45
1407042544.058718,46
1407042544.070804,45
1407042544.083544,45
1407042544.096745,45
1407042544.109273,46
1407042544.121850,45
1407042544.134253,45
1407042544.146685,45
1407042544.159075,46
1407042544.171790,46
1407042544.184391,45
1407042544.197028,45
1407042544.209639,45
1407042544.222024,46
1407042544.235120,45
1407042544.247486,45
1407042544.259830,45
1407042544.272249,46
1407042544.284726,46
1407042544.297187,45
1407042544.309593,45
1407042544.322114,46
1407042544.334313,46
1407042544.346523,45
1407042544.358668,45
1407042544.370392,46
1407042544.382210,46
1407042544.393923,45
1407042544.406162,45
1407042544.417990,46
1407042544.429803,46
1407042544.441594,45
1407042544.453575,45
1407042544.465571,46
1407042544.478391,46
1407042544.490508,45
1407042544.502636,45
1407042544.514727,46
1407042544.526827,46
1407042544.538977,45
1407042544.551169,45
1407042544.563416,46
1407042544.575712,46
1407042544.587926,45
1407042544.600274,45
1407042544.612567,46
1407042544.624868,46
1407042544.637088,45
1407042544.649258,45
1407042544.661504,45
1407042544.673733,46
1407042544.686330,45
1407042544.698531,45
1407042544.710762,45
1407042544.722939,46
1407042544.735137,45
1407042544.747294,45
1407042544.759589,45
1407042544.771819,46
1407042544.784323,45
1407042544.796792,45
1407042544.809094,45
1407042544.820950,46
1407042544.833914,46
1407042544.845780,45
1407042544.857477,45
1407042544.869445,46
1407042544.881574,46
1407042544.894307,45
1407042544.906305,45
1407042544.918312,46
1407042544.930328,46
1407042544.942367,45
1407042544.954557,45
1407042544.966569,46
1407042544.978850,46
1407042544.991070,45
1407042545.003348,45
1407042545.015415,46
1407042545.027636,46
1407042545.039807,45
1407042545.051979,45
1407042545.064243,46
1407042545.077059,46
1407042545.089369,45
1407042545.101811,45
1407042545.114146,45
1407042545.126401,46
1407042545.138719,45
1407042545.151026,45
1407042545.163441,45
1407042545.175802,46
1407042545.188289,45
1407042545.200859,45
1407042545.213393,45
1407042545.225927,46
1407042545.238205,46
1407042545.250759,45
1407042545.263333,45
1407042545.276185,45
1407042545.288828,46
1407042545.301618,46
1407042545.314826,45
1407042545.327370,45
1407042545.339905,45
1407042545.352515,46
1407042545.365416,45
1407042545.377868,45
1407042545.390337,45
1407042545.402821,46
1407042545.415138,46
1407042545.427561,45
1407042545.439937,45
1407042545.452168,46
1407042545.464523,46
1407042545.476844,45
1407042545.489334,45
1407042545.501860,45
1407042545.514366,46
1407042545.527030,45
1407042545.539540,45
1407042545.552358,45
1407042545.565003,46
1407042545.577343,46
1407042545.589929,45
1407042545.602672,45
1407042545.615072,45
1407042545.627445,46
1407042545.639808,45
1407042545.652366,45
1407042545.664817,45
1407042545.677323,46
1407042545.690040,46
1407042545.702355,45
1407042545.714627,45
1407042545.726936,46
1407042545.739299,46
1407042545.751635,45
1407042545.763900,45
1407042545.776363,45
1407042545.788819,46
1407042545.801391,45
1407042545.813914,45
1407042545.826935,45
1407042545.839399,46
1407042545.852155,46
1407042545.864927,45
1407042545.877724,45
1407042545.891216,45
1407042545.903821,46
1407042545.916475,46
1407042545.929102,45
1407042545.941722,45
1407042545.954314,45
1407042545.966926,46
1407042545.979641,45
1407042545.993007,45
1407042546.005771,45
1407042546.018505,46
1407042546.031147,47
1407042546.043737,46
1407042546.056607,46
1407042546.069317,46
1407042546.081991,47
1407042546.094814,47
1407042546.107439,46
1407042546.119980,46
1407042546.132793,46
1407042546.145470,47
1407042546.158356,47
1407042546.171073,46
1407042546.183712,46
1407042546.196670,46
1407042546.209480,47
1407042546.222195,47
1407042546.234777,46
1407042546.247309,46
1407042546.260740,47
1407042546.273218,47
1407042546.285774,46
1407042546.298423,48
1407042546.311073,47
1407042546.323458,47
1407042546.335619,46
1407042546.347810,45
1407042546.360177,45
1407042546.372698,46
1407042546.385198,46
1407042546.397693,45
1407042546.410216,45
1407042546.422770,45
1407042546.435244,46
1407042546.447645,45
1407042546.460260,45
1407042546.472810,45
1407042546.485404,46
1407042546.498089,46
1407042546.510638,45
1407042546.523166,45
1407042546.535755,45
1407042546.548420,46
1407042546.561167,46
1407042546.573911,45
1407042546.586644,45
1407042546.599267,46
1407042546.611669,46
1407042546.624056,45
1407042546.636602,45
1407042546.648919,45
1407042546.661246,46
1407042546.673512,45
1407042546.685816,45
1407042546.698035,45
1407042546.710119,46
1407042546.722279,45
1407042546.734471,45
1407042546.747896,45
1407042546.760137,46
1407042546.772455,46
1407042546.785047,45
1407042546.797401,45
1407042546.809835,45
1407042546.822196,46
1407042546.834591,45
1407042546.847040,45
1407042546.859617,45
1407042546.872300,46
1407042546.885060,46
1407042546.897860,45
1407042546.910546,45
1407042546.923122,45
1407042546.935682,46
1407042546.948225,45
1407042546.960738,45
1407042546.973304,45
1407042546.985889,46
1407042546.998513,46
1407042547.010994,45
1407042547.023490,45
1407042547.036508,44
1407042547.049026,44
1407042547.062669,42
1407042547.074997,42
1407042547.087806,42
1407042547.100154,42
1407042547.112411,43
1407042547.124751,42
1407042547.137115,42
1407042547.149600,42
1407042547.162678,43
1407042547.175144,43
1407042547.187478,42
1407042547.199790,42
1407042547.212386,42
1407042547.224944,43
1407042547.237535,42
1407042547.249924,42
1407042547.262400,42
1407042547.274897,43
1407042547.287475,43
1407042547.299945,42
1407042547.312451,42
1407042547.324937,42
1407042547.337318,43
1407042547.349738,42
1407042547.362812,42
1407042547.375304,42
1407042547.387699,43
1407042547.400157,43
1407042547.412927,42
1407042547.425588,42
1407042547.438424,42
1407042547.450915,43
1407042547.463424,42
1407042547.475955,42
1407042547.488703,42
1407042547.501311,43
1407042547.513978,43
1407042547.526512,42
1407042547.538964,42
1407042547.551393,42
1407042547.563896,43
1407042547.576403,42
1407042547.588850,42
1407042547.601172,42
1407042547.613556,43
1407042547.626283,43
1407042547.638763,42
1407042547.651268,42
1407042547.663980,43
1407042547.676820,43
1407042547.689715,42
1407042547.702303,42
1407042547.714921,42
1407042547.727331,43
1407042547.740791,43
1407042547.753198,41
1407042547.765608,41
1407042547.778307,41
1407042547.790774,42
1407042547.803214,41
1407042547.815983,41
1407042547.828548,41
1407042547.841137,42
1407042547.853771,42
1407042547.866542,41
1407042547.879398,41
1407042547.892367,41
1407042547.905196,42
1407042547.918272,42
1407042547.931284,41
1407042547.944099,41
1407042547.956939,41
1407042547.969545,42
1407042547.982350,42
1407042547.994995,41
1407042548.007657,41
1407042548.021556,41
1407042548.034155,42
1407042548.046767,42
1407042548.059356,41
1407042548.072044,41
1407042548.085150,41
1407042548.098074,42
1407042548.111029,42
1407042548.123810,41
1407042548.136298,41
1407042548.148792,41
1407042548.161240,42
1407042548.174130,41
1407042548.186880,41
1407042548.199607,41
1407042548.212439,42
1407042548.225204,42
1407042548.237864,41
1407042548.250504,41
1407042548.262882,41
1407042548.275193,42
1407042548.287417,41
1407042548.299707,41
1407042548.312254,41
1407042548.324826,42
1407042548.337319,42
1407042548.349628,41
1407042548.362722,41
1407042548.375464,41
1407042548.387820,42
1407042548.400271,41
1407042548.412667,41
1407042548.425279,41
1407042548.437768,42
1407042548.450142,42
1407042548.462543,41
1407042548.475005,41
1407042548.487388,42
1407042548.499850,42
1407042548.512271,41
1407042548.524742,41
1407042548.538126,41
1407042548.550456,42
1407042548.562836,42
1407042548.575369,41
1407042548.587774,41
1407042548.600348,42
1407042548.613070,42
1407042548.625923,41
1407042548.638757,41
1407042548.651373,41
1407042548.664044,42
1407042548.676884,42
1407042548.689718,41
1407042548.702299,41
1407042548.714841,41
1407042548.727316,42
1407042548.739861,41
1407042548.752460,41
1407042548.764956,41
1407042548.777457,42
1407042548.790179,42
1407042548.802824,41
1407042548.815089,41
1407042548.827787,41
1407042548.840614,42
1407042548.853502,42
1407042548.866241,41
1407042548.878802,41
1407042548.891453,42
1407042548.904166,43
1407042548.916658,42
1407042548.930000,42
1407042548.942589,42
1407042548.955255,43
1407042548.967903,43
1407042548.980517,42
1407042548.993014,42
1407042549.006386,42
1407042549.018846,43
1407042549.031404,43
1407042549.043920,42
1407042549.056617,42
1407042549.069276,42
1407042549.081939,43
1407042549.094636,42
1407042549.107094,42
1407042549.119634,42
1407042549.132182,43
1407042549.144788,43
1407042549.158202,42
1407042549.170736,42
1407042549.183465,42
1407042549.196144,43
1407042549.208933,43
1407042549.221543,42
1407042549.234218,42
1407042549.246899,42
1407042549.259509,43
