1407042795.188076,0
1407042795.201176,0
1407042795.214129,0
1407042795.225952,0
1407042795.237911,0
1407042795.249858,0
1407042795.261834,0
1407042795.273811,0
1407042795.286642,0
1407042795.298583,0
1407042795.310485,0
1407042795.322412,0
1407042795.334318,0
1407042795.346698,0
1407042795.358607,0
1407042795.370687,0
1407042795.382622,0
1407042795.394510,0
1407042795.406461,0
1407042795.418350,0
1407042795.430815,0
1407042795.442710,0
1407042795.454662,0
1407042795.466539,0
1407042795.478453,0
1407042795.490384,0
1407042795.502298,0
1407042795.514237,0
1407042795.526500,0
1407042795.538441,0
1407042795.550487,0
1407042795.562515,0
1407042795.574564,0
1407042795.586602,0
1407042795.598644,0
1407042795.610691,0
1407042795.622735,0
1407042795.634777,0
1407042795.646810,0
1407042795.658845,0
1407042795.670896,0
1407042795.683032,0
1407042795.695146,0
1407042795.707225,0
1407042795.719349,0
1407042795.731527,0
1407042795.743747,0
1407042795.756141,0
1407042795.768400,0
1407042795.780619,0
1407042795.792813,0
1407042795.805022,0
1407042795.817203,0
1407042795.829801,0
1407042795.841985,0
1407042795.854225,0
1407042795.866504,0
1407042795.878776,0
1407042795.891114,0
1407042795.903412,0
1407042795.915670,0
1407042795.928000,0
1407042795.941317,0
1407042795.953781,0
1407042795.966340,0
1407042795.978811,0
1407042795.991443,0
1407042796.004174,0
1407042796.016933,0
1407042796.029785,0
1407042796.042374,0
1407042796.055039,0
1407042796.067663,0
1407042796.080388,0
1407042796.093931,0
1407042796.106657,0
1407042796.119379,0
1407042796.132230,0
1407042796.145052,0
1407042796.157877,0
1407042796.170370,0
1407042796.183964,0
1407042796.196905,0
1407042796.209135,0
1407042796.221375,0
1407042796.234408,0
1407042796.246596,0
1407042796.258818,0
1407042796.271032,0
1407042796.283306,0
1407042796.295686,0
1407042796.307843,0
1407042796.319957,0
1407042796.332161,0
1407042796.344298,0
1407042796.356414,0
1407042796.368780,0
1407042796.381010,0
1407042796.392973,0
1407042796.405718,0
1407042796.417694,0
1407042796.429877,0
1407042796.442071,0
1407042796.454264,0
1407042796.466508,0
1407042796.478707,0
1407042796.490948,0
1407042796.503202,0
1407042796.515477,0
1407042796.527721,0
1407042796.540082,0
1407042796.552413,0
1407042796.564758,0
1407042796.577122,0
1407042796.589453,0
1407042796.601787,0
1407042796.614120,0
1407042796.626372,0
1407042796.638850,0
1407042796.651478,0
1407042796.664181,0
1407042796.676906,0
1407042796.689766,0
1407042796.702177,0
1407042796.714583,0
1407042796.726992,0
1407042796.739413,0
1407042796.751810,0
1407042796.764426,0
1407042796.777177,0
1407042796.789804,0
1407042796.802466,0
1407042796.815157,0
1407042796.827831,0
1407042796.840631,0
1407042796.853361,0
1407042796.866188,0
1407042796.878886,0
1407042796.891762,0
1407042796.904765,0
1407042796.917720,0
1407042796.930485,0
1407042796.943276,0
1407042796.956152,0
1407042796.968934,0
1407042796.981637,0
1407042796.994424,0
1407042797.007040,0
1407042797.019742,0
1407042797.032537,0
1407042797.045363,0
1407042797.058031,0
1407042797.070536,0
1407042797.083309,0
1407042797.096301,0
1407042797.109115,0
1407042797.121741,0
1407042797.134448,0
1407042797.148254,0
1407042797.160843,0
1407042797.173328,0
1407042797.185792,0
1407042797.198339,0
1407042797.210804,0
1407042797.223304,0
1407042797.235815,0
1407042797.248215,0
1407042797.260615,0
1407042797.273042,0
1407042797.285376,0
1407042797.297724,0
1407042797.310110,0
1407042797.322531,0
1407042797.334909,0
1407042797.347562,0
1407042797.360308,0
1407042797.373631,0
1407042797.385784,0
1407042797.397931,0
1407042797.410057,0
1407042797.422184,0
1407042797.434332,0
1407042797.446820,0
1407042797.459004,0
1407042797.471150,0
1407042797.483303,0
1407042797.495503,0
1407042797.507725,0
1407042797.519992,0
1407042797.532327,0
1407042797.544698,0
1407042797.557033,0
1407042797.569322,0
1407042797.581963,0
1407042797.594506,0
1407042797.606752,0
1407042797.618999,0
1407042797.631232,0
1407042797.643456,0
1407042797.655683,0
1407042797.667910,0
1407042797.680168,0
1407042797.692602,0
1407042797.704769,0
1407042797.716945,0
1407042797.728982,0
1407042797.742025,0
1407042797.754123,0
1407042797.766241,0
1407042797.778325,0
1407042797.790451,0
1407042797.802736,0
1407042797.814885,0
1407042797.827293,0
1407042797.839537,0
1407042797.851804,0
1407042797.864048,0
1407042797.876724,0
1407042797.889098,0
1407042797.901267,0
1407042797.913368,0
1407042797.926018,0
1407042797.938110,0
1407042797.950222,0
1407042797.962335,0
1407042797.974469,0
1407042797.986581,0
1407042797.998662,0
1407042798.010770,0
1407042798.022873,0
1407042798.034984,0
1407042798.047082,0
1407042798.059198,0
1407042798.071281,0
1407042798.083414,0
1407042798.095769,0
1407042798.107939,0
1407042798.120050,0
1407042798.132051,0
1407042798.144279,0
1407042798.156265,0
1407042798.168275,0
1407042798.180157,0
1407042798.192368,0
1407042798.204403,0
1407042798.216056,0
1407042798.228051,0
1407042798.240362,0
1407042798.252508,0
1407042798.265410,0
1407042798.277614,0
1407042798.289728,0
1407042798.301665,0
1407042798.313998,0
1407042798.326214,0
1407042798.338548,0
1407042798.351090,0
1407042798.364373,0
1407042798.376949,0
1407042798.389209,0
1407042798.401536,0
1407042798.413822,0
1407042798.426076,0
1407042798.438335,0
1407042798.450593,0
1407042798.462892,0
1407042798.475330,0
1407042798.487832,0
1407042798.500264,0
1407042798.512597,0
1407042798.525030,0
1407042798.537432,0
1407042798.549655,0
1407042798.561820,0
1407042798.573988,0
1407042798.586942,0
1407042798.599086,0
1407042798.611280,0
1407042798.623447,0
1407042798.635632,0
1407042798.647992,0
1407042798.660199,0
1407042798.672382,0
1407042798.684964,0
1407042798.697702,0
1407042798.709845,0
1407042798.721961,0
1407042798.734070,0
1407042798.746142,0
1407042798.758234,0
1407042798.770529,0
1407042798.782646,0
1407042798.794765,0
1407042798.806877,0
1407042798.819004,0
1407042798.831131,0
1407042798.843265,0
1407042798.855376,0
1407042798.867599,0
1407042798.879884,0
1407042798.892251,0
1407042798.904589,0
1407042798.916907,0
1407042798.929100,0
1407042798.941447,0
1407042798.953752,0
1407042798.965934,0
1407042798.978113,0
1407042798.990311,0
1407042799.002510,0
1407042799.014684,0
1407042799.026862,0
1407042799.039053,0
1407042799.051218,0
1407042799.063633,0
1407042799.075814,0
1407042799.088055,0
1407042799.101009,0
1407042799.113064,0
1407042799.124979,0
1407042799.137813,0
1407042799.149938,0
1407042799.162004,0
1407042799.174121,0
1407042799.186206,0
1407042799.198285,0
1407042799.210331,0
1407042799.222389,0
1407042799.234796,0
1407042799.246838,0
1407042799.258910,0
1407042799.270953,0
1407042799.283012,0
1407042799.295106,0
1407042799.307182,0
1407042799.319258,0
1407042799.331333,0
1407042799.343407,0
1407042799.356056,0
1407042799.368874,0
1407042799.381710,0
1407042799.394123,0
1407042799.406113,0
1407042799.417915,0
1407042799.429690,0
1407042799.441485,0
1407042799.453167,0
1407042799.465459,0
1407042799.477305,0
1407042799.489835,0
1407042799.501648,0
1407042799.513354,0
1407042799.525108,0
1407042799.536985,0
1407042799.548757,0
1407042799.560595,0
1407042799.572495,0
1407042799.584710,0
1407042799.596714,0
1407042799.608681,0
1407042799.620668,0
1407042799.633433,0
1407042799.645544,0
1407042799.657632,0
1407042799.669617,0
1407042799.682264,0
1407042799.694493,0
1407042799.706583,0
1407042799.718669,0
1407042799.730628,0
1407042799.743402,0
1407042799.755544,0
1407042799.767743,0
1407042799.779863,0
1407042799.792039,0
1407042799.804362,0
1407042799.816567,0
1407042799.828674,0
1407042799.840871,0
1407042799.853012,0
1407042799.865240,0
1407042799.877456,0
1407042799.889742,0
1407042799.901863,0
1407042799.914027,0
1407042799.926488,0
1407042799.938759,0
1407042799.951342,0
1407042799.964304,0
1407042799.977072,0
1407042799.989556,0
1407042800.002096,0
1407042800.014538,0
1407042800.027831,0
1407042800.040412,0
1407042800.053029,0
1407042800.065695,0
1407042800.078328,0
1407042800.090982,0
1407042800.103650,0
1407042800.116329,0
1407042800.129100,0
1407042800.141835,0
1407042800.154767,0
1407042800.167707,0
1407042800.180583,0
1407042800.193092,0
1407042800.205408,0
1407042800.217860,0
1407042800.230234,0
1407042800.242591,0
1407042800.254988,0
1407042800.267278,0
1407042800.279592,0
1407042800.291919,0
1407042800.304357,0
1407042800.316608,0
1407042800.328936,0
1407042800.341045,0
1407042800.353167,0
1407042800.365953,0
1407042800.378021,0
1407042800.390078,0
1407042800.402174,0
1407042800.414271,0
1407042800.426288,0
1407042800.438364,0
1407042800.450031,0
1407042800.462198,0
1407042800.474322,0
1407042800.486409,0
1407042800.498512,0
1407042800.510562,0
1407042800.522597,0
1407042800.534556,0
1407042800.546612,0
1407042800.558684,0
1407042800.570794,0
1407042800.582883,0
1407042800.594978,0
1407042800.607056,0
1407042800.618975,0
1407042800.630985,0
1407042800.643063,0
1407042800.654991,0
1407042800.667021,0
1407042800.679005,0
1407042800.691280,0
1407042800.703254,0
1407042800.715174,0
1407042800.727019,0
1407042800.738896,0
1407042800.750991,0
1407042800.763250,0
1407042800.775573,0
1407042800.787826,0
1407042800.800062,0
1407042800.812356,0
1407042800.825031,0
1407042800.838047,0
1407042800.850240,0
1407042800.862633,0
1407042800.875131,0
1407042800.887495,0
1407042800.899789,0
1407042800.911905,0
1407042800.924049,0
1407042800.936940,0
1407042800.948975,0
1407042800.960915,0
1407042800.972922,0
1407042800.985665,0
1407042800.997551,0
1407042801.009699,0
1407042801.021813,0
1407042801.033999,0
1407042801.046840,0
1407042801.058984,0
1407042801.071086,0
1407042801.083190,0
1407042801.095345,0
1407042801.107456,0
1407042801.119586,0
1407042801.131769,0
1407042801.144038,0
1407042801.156301,0
1407042801.168562,0
1407042801.181507,0
1407042801.193694,0
1407042801.205753,0
1407042801.217911,0
1407042801.230128,0
1407042801.242428,0
1407042801.254707,0
1407042801.266990,0
1407042801.279245,0
1407042801.291438,0
1407042801.303751,0
1407042801.316130,0
1407042801.328428,0
1407042801.340667,0
1407042801.352987,0
1407042801.365423,0
1407042801.377761,0
1407042801.390067,0
1407042801.402356,0
1407042801.415084,0
1407042801.427627,0
1407042801.440153,0
1407042801.452602,0
1407042801.465169,0
1407042801.477592,0
1407042801.490093,0
1407042801.502168,0
1407042801.514307,0
1407042801.526875,0
1407042801.538940,0
1407042801.550938,0
1407042801.563053,0
1407042801.575030,0
1407042801.587157,0
1407042801.599577,0
1407042801.611937,0
1407042801.624046,0
1407042801.636531,0
1407042801.649212,0
1407042801.660919,0
1407042801.672825,0
1407042801.684940,0
1407042801.696826,0
1407042801.708695,0
1407042801.721084,0
1407042801.733306,0
1407042801.745040,0
1407042801.758129,0
1407042801.770049,0
1407042801.782308,0
1407042801.794525,0
1407042801.806844,0
1407042801.819017,0
1407042801.831012,0
1407042801.842952,0
1407042801.854880,0
1407042801.866865,0
1407042801.878835,0
1407042801.890873,0
1407042801.902930,0
1407042801.914997,0
1407042801.926977,0
1407042801.939059,0
1407042801.950970,0
1407042801.963008,0
1407042801.975030,0
1407042801.987106,0
1407042801.999143,0
1407042802.011160,0
1407042802.023221,0
1407042802.035278,0
1407042802.047374,0
1407042802.059513,0
1407042802.071703,0
1407042802.083877,0
1407042802.096054,0
1407042802.108314,0
1407042802.120216,0
1407042802.133119,0
1407042802.145340,0
1407042802.158116,0
1407042802.170041,0
1407042802.182345,0
1407042802.194516,0
1407042802.206680,0
1407042802.218993,0
1407042802.231235,0
1407042802.243544,0
1407042802.256054,0
1407042802.268859,0
1407042802.281081,0
1407042802.293786,0
1407042802.306007,0
1407042802.318099,0
1407042802.330048,0
1407042802.342893,0
1407042802.354978,0
1407042802.367454,0
1407042802.379758,0
1407042802.393038,0
1407042802.405346,0
1407042802.418145,0
1407042802.430170,0
1407042802.442336,0
1407042802.455104,0
1407042802.467269,0
1407042802.479276,0
1407042802.491703,0
1407042802.504045,0
1407042802.516513,0
1407042802.529326,0
1407042802.541359,0
1407042802.553606,0
1407042802.566577,0
1407042802.578909,0
1407042802.591197,0
1407042802.603712,0
1407042802.616320,0
1407042802.628796,0
1407042802.641304,0
1407042802.653554,0
1407042802.666047,0
1407042802.678383,0
1407042802.691176,0
1407042802.704323,0
1407042802.716856,0
1407042802.729568,0
1407042802.741916,0
1407042802.755172,0
1407042802.767602,0
1407042802.779776,0
1407042802.792053,0
1407042802.804677,0
1407042802.817102,0
1407042802.829415,0
1407042802.841776,0
1407042802.854447,0
1407042802.866897,0
1407042802.879332,0
1407042802.891940,0
1407042802.904640,0
1407042802.917129,0
1407042802.930109,0
1407042802.942496,0
1407042802.955530,0
1407042802.967923,0
1407042802.980199,0
1407042802.992472,0
1407042803.005532,0
1407042803.017773,0
1407042803.030041,0
1407042803.042295,0
1407042803.054746,0
1407042803.067081,0
1407042803.079339,0
1407042803.091462,0
1407042803.103686,0
1407042803.116041,0
1407042803.128885,0
1407042803.141043,0
1407042803.153080,0
1407042803.165307,0
1407042803.177377,0
1407042803.189400,0
1407042803.201640,0
1407042803.213726,0
1407042803.226004,0
1407042803.238333,0
1407042803.250031,0
1407042803.264145,0
1407042803.277033,0
1407042803.289638,0
1407042803.301858,0
1407042803.314343,0
1407042803.326902,0
1407042803.339419,0
1407042803.351986,0
1407042803.364567,0
1407042803.377156,0
1407042803.390637,0
1407042803.402898,0
1407042803.415242,0
1407042803.427471,0
1407042803.439623,0
1407042803.451807,0
1407042803.463832,0
1407042803.476588,0
1407042803.488617,0
1407042803.500548,0
1407042803.513304,0
1407042803.525029,0
1407042803.537618,0
1407042803.549162,0
1407042803.560818,0
1407042803.573215,0
1407042803.584797,0
1407042803.596547,0
1407042803.608261,0
1407042803.619780,0
1407042803.631520,0
1407042803.643258,0
1407042803.655036,0
1407042803.666785,0
1407042803.678950,0
1407042803.690998,0
1407042803.702800,0
1407042803.714670,0
1407042803.726371,0
1407042803.738173,0
1407042803.749998,0
1407042803.761822,0
1407042803.773705,0
1407042803.786170,0
1407042803.798007,0
1407042803.809811,0
1407042803.821678,0
1407042803.833409,0
1407042803.845225,0
1407042803.857134,0
1407042803.868983,0
1407042803.880858,0
1407042803.892888,0
1407042803.904900,0
1407042803.916662,0
1407042803.928926,0
1407042803.940697,0
1407042803.952941,0
1407042803.964824,0
1407042803.977098,0
1407042803.988929,0
1407042804.001253,0
1407042804.013421,0
1407042804.025688,0
1407042804.037916,0
1407042804.049451,0
1407042804.060766,0
1407042804.072935,0
1407042804.084754,0
1407042804.096283,0
1407042804.108052,0
1407042804.120269,0
1407042804.132551,0
1407042804.144920,0
1407042804.157384,0
1407042804.169723,0
1407042804.182125,0
1407042804.194470,0
1407042804.206839,0
1407042804.218698,0
1407042804.230368,0
1407042804.243171,0
1407042804.255858,0
1407042804.268384,0
1407042804.280709,0
1407042804.292890,0
1407042804.304577,0
1407042804.316402,0
1407042804.328128,0
1407042804.339889,0
1407042804.351790,0
1407042804.363957,0
1407042804.375983,0
1407042804.387844,0
1407042804.400051,0
1407042804.412128,0
1407042804.424050,0
1407042804.436790,0
1407042804.448921,0
1407042804.460905,0
1407042804.472885,0
1407042804.484914,0
1407042804.496914,0
1407042804.508436,0
1407042804.520830,0
1407042804.532331,0
1407042804.544044,0
1407042804.556811,0
1407042804.568931,0
1407042804.580982,0
1407042804.593806,0
1407042804.605919,0
1407042804.618000,0
1407042804.629969,0
1407042804.642014,0
1407042804.654004,0
1407042804.666997,0
1407042804.679005,0
1407042804.691061,0
1407042804.702931,0
1407042804.714855,0
1407042804.726766,0
1407042804.738643,0
1407042804.750030,0
1407042804.763147,0
1407042804.775030,0
1407042804.787369,0
1407042804.799373,0
1407042804.811455,0
1407042804.823494,0
1407042804.835577,0
1407042804.847669,0
1407042804.859856,0
1407042804.872047,0
1407042804.884259,0
1407042804.896294,0
1407042804.908326,0
1407042804.921224,0
1407042804.933319,0
1407042804.945039,0
1407042804.957199,0
1407042804.970040,0
1407042804.981992,0
1407042804.993925,0
1407042805.005869,0
1407042805.017856,0
1407042805.029707,0
1407042805.042372,0
1407042805.054361,0
1407042805.066389,0
1407042805.078726,0
1407042805.091078,0
1407042805.103431,0
1407042805.115367,0
1407042805.127451,0
1407042805.139469,0
1407042805.151006,0
1407042805.163015,0
1407042805.175009,0
1407042805.186950,0
1407042805.198957,0
1407042805.210952,0
1407042805.223013,0
1407042805.235035,0
1407042805.247345,0
1407042805.259602,0
1407042805.271871,0
1407042805.284087,0
1407042805.295864,0
1407042805.307671,0
1407042805.319488,0
1407042805.331354,0
1407042805.343228,0
1407042805.355032,0
1407042805.367426,0
1407042805.379519,0
1407042805.391435,0
1407042805.403330,0
1407042805.415227,0
1407042805.427009,0
1407042805.438805,0
1407042805.450953,0
1407042805.462744,0
1407042805.474523,0
1407042805.486364,0
1407042805.498206,0
1407042805.510053,0
1407042805.521868,0
1407042805.533687,0
1407042805.546299,0
1407042805.558145,0
1407042805.570149,0
1407042805.582219,0
1407042805.594297,0
1407042805.606358,0
1407042805.618414,0
1407042805.630398,0
1407042805.642713,0
1407042805.654776,0
1407042805.666814,0
1407042805.678890,0
1407042805.691240,0
1407042805.703289,0
1407042805.715367,0
1407042805.727532,0
1407042805.739806,0
1407042805.752144,0
1407042805.764561,0
1407042805.776827,0
1407042805.789068,0
1407042805.801325,0
1407042805.813529,0
1407042805.826447,0
1407042805.838691,0
1407042805.850960,0
1407042805.863237,0
1407042805.875470,0
1407042805.887762,0
1407042805.900116,0
1407042805.912112,0
1407042805.924461,0
1407042805.936669,0
1407042805.948805,0
1407042805.961001,0
1407042805.973168,0
1407042805.985388,0
1407042805.997510,0
1407042806.009662,0
1407042806.021849,0
1407042806.034075,0
1407042806.046214,0
1407042806.058390,0
1407042806.070550,0
1407042806.082684,0
1407042806.095014,0
1407042806.107318,0
1407042806.119638,0
1407042806.131978,0
1407042806.144306,0
1407042806.157191,0
1407042806.169514,0
1407042806.181676,0
1407042806.193812,0
1407042806.205903,0
1407042806.218085,0
1407042806.230232,0
1407042806.242433,0
1407042806.254529,0
1407042806.266898,0
1407042806.279006,0
1407042806.291259,0
1407042806.303454,0
1407042806.315570,0
1407042806.327802,0
1407042806.339975,0
1407042806.352139,0
1407042806.364235,0
1407042806.376037,0
1407042806.388045,0
1407042806.400052,0
1407042806.412046,0
1407042806.424330,0
1407042806.436727,0
1407042806.448782,0
1407042806.461834,0
1407042806.474222,0
1407042806.486545,0
1407042806.498841,0
1407042806.511234,0
1407042806.523475,0
1407042806.535744,0
1407042806.547903,0
1407042806.560048,0
1407042806.572049,0
1407042806.584835,0
1407042806.596959,0
1407042806.608969,0
1407042806.621770,0
1407042806.634102,0
1407042806.646677,0
1407042806.658977,0
1407042806.671308,0
1407042806.683594,0
1407042806.695781,0
1407042806.707776,0
1407042806.719726,0
1407042806.731731,0
1407042806.743726,0
1407042806.755610,0
1407042806.767708,0
1407042806.780401,0
1407042806.792358,0
1407042806.804279,0
1407042806.817167,0
1407042806.829004,0
1407042806.841680,0
1407042806.854015,0
1407042806.866032,0
1407042806.878004,0
1407042806.889982,0
1407042806.901941,0
1407042806.913945,0
1407042806.925918,0
1407042806.937962,0
1407042806.949973,0
1407042806.961935,0
1407042806.974813,0
1407042806.986833,0
1407042806.998819,0
1407042807.010793,0
1407042807.022789,0
1407042807.034797,0
1407042807.046748,0
1407042807.058740,0
1407042807.070730,0
1407042807.082693,0
1407042807.095506,0
1407042807.107512,0
1407042807.119491,0
1407042807.131523,0
1407042807.143602,0
1407042807.155457,0
1407042807.167483,0
1407042807.179469,0
1407042807.191541,0
1407042807.203545,0
1407042807.215568,0
1407042807.227592,0
1407042807.239699,0
1407042807.251790,0
1407042807.263894,0
1407042807.275950,0
1407042807.288049,0
1407042807.300057,0
1407042807.312049,0
1407042807.324887,0
1407042807.337200,0
1407042807.350030,0
1407042807.362736,0
1407042807.375030,0
1407042807.387154,0
1407042807.399276,0
1407042807.411012,0
1407042807.422761,0
1407042807.434481,0
1407042807.446282,0
1407042807.458000,0
1407042807.469589,0
1407042807.481108,0
1407042807.492777,0
1407042807.505210,0
1407042807.516830,0
1407042807.529003,0
1407042807.541076,0
1407042807.552778,0
1407042807.565841,0
1407042807.577714,0
1407042807.590148,0
1407042807.602014,0
1407042807.613852,0
1407042807.625030,0
1407042807.638361,0
1407042807.650222,0
1407042807.662101,0
1407042807.673966,0
1407042807.686677,0
1407042807.699004,0
1407042807.711278,0
1407042807.723597,0
1407042807.736077,0
1407042807.748457,0
1407042807.760891,0
1407042807.773295,0
1407042807.785323,0
1407042807.798262,0
1407042807.810389,0
1407042807.822496,0
1407042807.834583,0
1407042807.846669,0
1407042807.858748,0
1407042807.870817,0
1407042807.882823,0
1407042807.894676,0
1407042807.906545,0
1407042807.918402,0
1407042807.930265,0
1407042807.942144,0
1407042807.953994,0
1407042807.965785,0
1407042807.977693,0
1407042807.989433,0
1407042808.001109,0
1407042808.012974,0
1407042808.024906,0
1407042808.036969,0
1407042808.048916,0
1407042808.060987,0
1407042808.073766,0
1407042808.085780,0
1407042808.097727,0
1407042808.109872,0
1407042808.122004,0
1407042808.134112,0
1407042808.146220,0
1407042808.158309,0
1407042808.170404,0
1407042808.182480,0
1407042808.194587,0
1407042808.206691,0
1407042808.218801,0
1407042808.231115,0
1407042808.243374,0
1407042808.255886,0
1407042808.268538,0
1407042808.281057,0
1407042808.293880,0
1407042808.306587,0
1407042808.318822,0
1407042808.331037,0
1407042808.343280,0
1407042808.355705,0
1407042808.368515,0
1407042808.381080,0
1407042808.393571,0
1407042808.406092,0
1407042808.418583,0
1407042808.431105,0
1407042808.443610,0
1407042808.456227,0
1407042808.468957,0
1407042808.481629,0
1407042808.494322,0
1407042808.507113,0
1407042808.519178,0
1407042808.531184,0
1407042808.543281,0
1407042808.556048,0
1407042808.568047,0
1407042808.580048,0
1407042808.592868,0
1407042808.605076,0
1407042808.617219,0
1407042808.629003,0
1407042808.641874,0
1407042808.653928,0
1407042808.665921,0
1407042808.677939,0
1407042808.690193,0
1407042808.702205,0
1407042808.714211,0
1407042808.726767,0
1407042808.738774,0
1407042808.750684,0
1407042808.762647,0
1407042808.774670,0
1407042808.786638,0
1407042808.798652,0
1407042808.810620,0
1407042808.822689,0
1407042808.834718,0
1407042808.846691,0
1407042808.858676,0
1407042808.870623,0
1407042808.882603,0
1407042808.894554,0
1407042808.906567,0
1407042808.918530,0
1407042808.930476,0
1407042808.942535,0
1407042808.954866,0
1407042808.966899,0
1407042808.978900,0
1407042808.990920,0
1407042809.002929,0
1407042809.014983,0
1407042809.026958,0
1407042809.038971,0
1407042809.050975,0
1407042809.063022,0
1407042809.075030,0
1407042809.087099,0
1407042809.099909,0
1407042809.111955,0
1407042809.124035,0
1407042809.136053,0
1407042809.148198,0
1407042809.160237,0
1407042809.172231,0
1407042809.184208,0
1407042809.196841,0
1407042809.208954,0
1407042809.220973,0
1407042809.232951,0
1407042809.244971,0
1407042809.256988,0
1407042809.268958,0
1407042809.280951,0
1407042809.293708,0
1407042809.305442,0
1407042809.318081,0
1407042809.330226,0
1407042809.342428,0
1407042809.354645,0
1407042809.367207,0
1407042809.379005,0
1407042809.392055,0
1407042809.404468,0
1407042809.416947,0
1407042809.438057,0
1407042809.454479,7
1407042809.467897,5
1407042809.480107,7
1407042809.492560,7
1407042809.504971,6
1407042809.517367,7
1407042809.529731,7
1407042809.541923,7
1407042809.554264,9
1407042809.566573,9
1407042809.578824,8
1407042809.591350,9
1407042809.604690,9
1407042809.617433,11
1407042809.630685,11
1407042809.642918,10
1407042809.655292,11
1407042809.667761,11
1407042809.681179,13
1407042809.694000,13
1407042809.706412,12
1407042809.718588,13
1407042809.730149,14
1407042809.743115,15
1407042809.756051,14
1407042809.768045,14
1407042809.780048,16
1407042809.793016,16
1407042809.805235,15
1407042809.817163,16
1407042809.830113,16
1407042809.842220,18
1407042809.854165,17
1407042809.866278,17
1407042809.879004,18
1407042809.891155,19
1407042809.903264,18
1407042809.915407,19
1407042809.927602,19
1407042809.939842,21
1407042809.952905,21
1407042809.965124,20
1407042809.977611,21
1407042809.990311,22
1407042810.002948,23
1407042810.015085,22
1407042810.027786,22
1407042810.039973,23
1407042810.052230,24
1407042810.064436,23
1407042810.076706,24
1407042810.089637,24
1407042810.102348,26
1407042810.114903,26
1407042810.127699,25
1407042810.140673,26
1407042810.153710,26
1407042810.166878,28
1407042810.179618,28
1407042810.191749,27
1407042810.204105,28
1407042810.216169,29
1407042810.229378,30
1407042810.242229,29
1407042810.255498,29
1407042810.268049,30
1407042810.280407,31
1407042810.293699,32
1407042810.306133,31
1407042810.318341,31
1407042810.330541,32
1407042810.342639,33
1407042810.354791,32
1407042810.367348,33
1407042810.380139,33
1407042810.392050,35
1407042810.404450,35
1407042810.416763,34
1407042810.429391,35
1407042810.441497,36
1407042810.454610,37
1407042810.466764,36
1407042810.478885,36
1407042810.491147,37
1407042810.503243,38
1407042810.515394,37
1407042810.527588,38
1407042810.540602,38
1407042810.552803,40
1407042810.565112,39
1407042810.577428,39
1407042810.589705,40
1407042810.601953,41
1407042810.614209,40
1407042810.626535,41
1407042810.638826,41
1407042810.651137,43
1407042810.663508,43
1407042810.675901,42
1407042810.689050,43
1407042810.700649,44
1407042810.713897,45
1407042810.725963,44
1407042810.738125,44
1407042810.750897,45
1407042810.763380,46
1407042810.776093,47
1407042810.788785,46
1407042810.801406,46
1407042810.813890,48
1407042810.826206,48
1407042810.838603,47
1407042810.850994,48
1407042810.863532,48
1407042810.875894,50
1407042810.888398,49
1407042810.900795,49
1407042810.913139,50
1407042810.926497,51
1407042810.938947,52
1407042810.950888,51
1407042810.962944,51
1407042810.975030,53
1407042810.987220,53
1407042810.999591,52
1407042811.011973,53
1407042811.024487,53
1407042811.036828,55
1407042811.049073,54
1407042811.061373,54
1407042811.074523,55
1407042811.086800,56
1407042811.099107,57
1407042811.111685,56
1407042811.124057,56
1407042811.136430,58
1407042811.149368,58
1407042811.161651,57
1407042811.173812,58
1407042811.186167,58
1407042811.198417,60
1407042811.210753,59
1407042811.223824,59
1407042811.236266,60
1407042811.248462,61
1407042811.261009,62
1407042811.273250,61
1407042811.285633,61
1407042811.297994,63
1407042811.310335,63
1407042811.322671,62
1407042811.334960,63
1407042811.347401,63
1407042811.359827,65
1407042811.372356,64
1407042811.384658,64
1407042811.397086,65
1407042811.409394,66
1407042811.421817,67
1407042811.434209,66
1407042811.446599,66
1407042811.459072,68
1407042811.471619,68
1407042811.484204,67
1407042811.497290,68
1407042811.509679,68
1407042811.521974,70
1407042811.534284,69
1407042811.546647,69
1407042811.559081,70
1407042811.571514,71
1407042811.583949,72
1407042811.597049,71
1407042811.609562,71
1407042811.622142,72
1407042811.634710,73
1407042811.647211,72
1407042811.659798,73
1407042811.672386,73
1407042811.691772,74
1407042811.704037,74
1407042811.716203,76
1407042811.728432,75
1407042811.740635,75
1407042811.754004,76
1407042811.766352,77
1407042811.778770,78
1407042811.791138,77
1407042811.803622,77
1407042811.816289,78
1407042811.828790,79
1407042811.841217,78
1407042811.854303,79
1407042811.866629,79
1407042811.879073,81
1407042811.892058,81
1407042811.904536,80
1407042811.917194,81
1407042811.929695,81
1407042811.942916,83
1407042811.955416,83
1407042811.967825,82
1407042811.980313,83
1407042811.992725,84
1407042812.005206,85
1407042812.017711,84
1407042812.030196,84
1407042812.042734,85
1407042812.055192,86
1407042812.067737,85
1407042812.080900,86
1407042812.093492,86
1407042812.106193,87
1407042812.118793,88
1407042812.131566,87
1407042812.144343,88
1407042812.157132,88
1407042812.169778,90
1407042812.183224,90
1407042812.195860,89
1407042812.208617,90
1407042812.221479,90
1407042812.234279,92
1407042812.247263,92
1407042812.260121,91
1407042812.272952,92
1407042812.285901,92
1407042812.298581,94
1407042812.311535,94
1407042812.324407,93
1407042812.337255,94
1407042812.349971,94
1407042812.362315,96
1407042812.374234,95
1407042812.387806,95
1407042812.400068,96
1407042812.413664,97
1407042812.426077,98
1407042812.438779,97
1407042812.450712,97
1407042812.463163,98
1407042812.474934,99
1407042812.486663,98
1407042812.498189,99
1407042812.509377,100
1407042812.521929,101
1407042812.533680,100
1407042812.545383,100
1407042812.557029,102
1407042812.568933,102
1407042812.581342,101
1407042812.592774,102
1407042812.605287,103
1407042812.617252,104
1407042812.629282,103
1407042812.641261,103
1407042812.653388,105
1407042812.665569,105
1407042812.677654,104
1407042812.690062,105
1407042812.701476,106
1407042812.713281,105
1407042812.725921,106
1407042812.737981,106
1407042812.749936,108
1407042812.761958,107
1407042812.773910,107
1407042812.785811,108
1407042812.797904,109
1407042812.810034,108
1407042812.822097,109
1407042812.834124,109
1407042812.846423,111
1407042812.859336,111
1407042812.871810,110
1407042812.884907,111
1407042812.896959,112
1407042812.910132,113
1407042812.922353,112
1407042812.934622,112
1407042812.947725,113
1407042812.959763,114
1407042812.972472,115
1407042812.984695,114
1407042812.997249,114
1407042813.010004,116
1407042813.022200,116
1407042813.034468,115
1407042813.046732,116
1407042813.059914,116
1407042813.072053,118
1407042813.085261,117
1407042813.097582,117
1407042813.109848,118
1407042813.121768,119
1407042813.134781,120
1407042813.147094,119
1407042813.159457,119
1407042813.172426,121
1407042813.184715,121
1407042813.196995,120
1407042813.209111,121
1407042813.221827,121
1407042813.234499,123
1407042813.247373,123
1407042813.260260,122
1407042813.273851,123
1407042813.286736,123
1407042813.299473,125
1407042813.312473,125
1407042813.325166,124
1407042813.337830,125
1407042813.350627,125
1407042813.363410,127
1407042813.376308,127
1407042813.388876,126
1407042813.401484,127
1407042813.414108,128
1407042813.426092,129
1407042813.438192,128
1407042813.451058,128
1407042813.463033,129
1407042813.475309,130
1407042813.488451,129
1407042813.500889,130
1407042813.513142,130
1407042813.525298,132
1407042813.538127,132
1407042813.550259,131
1407042813.562501,132
1407042813.574705,133
1407042813.587777,134
1407042813.600060,133
1407042813.612801,133
1407042813.625030,134
1407042813.637330,135
1407042813.650466,134
1407042813.662813,135
1407042813.675141,135
1407042813.687728,137
1407042813.700157,137
1407042813.712584,136
1407042813.725480,137
1407042813.737736,137
1407042813.750030,139
1407042813.763350,138
1407042813.775835,138
1407042813.788268,139
1407042813.800891,140
1407042813.813122,141
1407042813.824945,140
1407042813.836918,140
1407042813.849905,142
1407042813.861917,142
1407042813.873934,141
1407042813.885949,142
1407042813.897951,143
1407042813.910653,144
1407042813.922660,143
1407042813.934827,143
1407042813.946977,145
1407042813.959035,145
1407042813.971106,144
1407042813.983009,145
1407042813.995080,146
1407042814.007323,147
1407042814.019529,146
1407042814.031780,146
1407042814.044040,147
1407042814.056396,148
1407042814.068703,147
1407042814.081035,148
1407042814.093869,148
1407042814.106469,150
1407042814.119152,150
1407042814.131705,149
1407042814.144320,150
1407042814.156969,151
1407042814.169546,152
1407042814.182108,151
1407042814.194682,151
1407042814.207470,152
1407042814.220222,153
1407042814.233095,154
1407042814.245766,153
1407042814.258437,153
1407042814.271123,154
1407042814.283726,155
1407042814.296624,156
1407042814.309411,155
1407042814.322228,155
1407042814.335029,156
1407042814.347793,157
1407042814.360520,156
1407042814.373433,157
1407042814.385682,157
1407042814.398322,159
1407042814.410481,159
1407042814.422703,158
1407042814.434878,159
1407042814.446979,160
1407042814.460043,161
1407042814.472475,160
1407042814.484810,160
1407042814.496944,161
1407042814.509613,162
1407042814.522239,161
1407042814.534746,162
1407042814.547219,162
1407042814.559887,164
1407042814.573564,164
1407042814.586329,163
1407042814.599087,164
1407042814.611890,164
1407042814.624699,166
1407042814.637393,166
1407042814.650117,165
1407042814.662905,166
1407042814.675789,166
1407042814.688967,168
1407042814.702444,168
1407042814.715183,167
1407042814.727804,168
1407042814.740574,168
1407042814.753280,170
1407042814.765999,170
1407042814.778549,169
1407042814.791205,170
1407042814.803914,170
1407042814.816688,172
1407042814.828849,171
1407042814.842179,171
1407042814.855342,172
1407042814.867871,172
1407042814.880696,174
1407042814.893686,173
1407042814.906545,173
1407042814.919272,174
1407042814.932102,175
1407042814.944914,176
1407042814.957686,175
1407042814.970165,175
1407042814.983236,176
1407042814.995820,177
1407042815.008764,178
1407042815.021264,177
1407042815.033824,177
1407042815.046543,178
1407042815.059239,179
1407042815.072243,180
1407042815.084894,179
1407042815.096695,179
1407042815.109790,180
1407042815.122362,181
1407042815.134789,180
1407042815.147273,181
1407042815.160306,181
1407042815.172766,183
1407042815.185238,183
1407042815.197506,182
1407042815.209984,183
1407042815.222250,184
1407042815.235004,185
1407042815.247368,184
1407042815.259722,184
1407042815.271729,185
1407042815.284135,186
1407042815.296644,185
1407042815.309208,186
1407042815.321783,186
1407042815.334127,188
1407042815.346509,188
1407042815.358814,187
1407042815.371570,188
1407042815.384228,189
1407042815.396799,190
1407042815.409183,189
1407042815.421534,189
1407042815.433956,190
1407042815.446211,191
1407042815.458515,190
1407042815.470836,191
1407042815.483059,191
1407042815.495585,193
1407042815.508234,193
1407042815.520859,192
1407042815.533364,193
1407042815.547322,193
1407042815.560308,195
1407042815.573030,195
1407042815.585688,194
1407042815.598416,195
1407042815.611220,195
1407042815.624156,197
1407042815.636996,197
1407042815.649759,196
1407042815.662096,197
1407042815.674644,198
1407042815.687292,199
1407042815.700063,198
1407042815.712054,198
1407042815.723966,199
1407042815.737094,200
1407042815.749303,199
1407042815.762074,200
1407042815.774364,200
1407042815.786737,202
1407042815.799060,202
1407042815.811624,201
1407042815.823979,202
1407042815.836607,203
1407042815.849129,204
1407042815.861493,203
1407042815.874340,203
1407042815.888140,204
1407042815.901291,204
1407042815.914049,206
1407042815.926728,205
1407042815.939454,205
1407042815.952202,206
1407042815.964958,207
1407042815.977798,208
1407042815.991272,207
1407042816.004046,207
1407042816.016719,208
1407042816.029232,209
1407042816.042197,210
1407042816.054448,209
1407042816.066774,209
1407042816.079004,210
1407042816.092668,211
1407042816.105578,212
1407042816.118428,211
1407042816.131317,211
1407042816.144410,212
1407042816.157237,213
1407042816.170073,214
1407042816.182841,213
1407042816.195687,213
1407042816.208635,214
1407042816.221453,215
1407042816.235179,216
1407042816.248095,215
1407042816.260919,215
1407042816.273906,216
1407042816.286558,217
1407042816.299379,218
1407042816.312128,217
1407042816.324877,217
1407042816.337663,218
1407042816.350952,219
1407042816.363691,220
1407042816.376613,219
1407042816.389487,219
1407042816.402100,220
1407042816.414855,221
1407042816.427290,220
1407042816.440041,221
1407042816.452833,221
1407042816.465374,223
1407042816.478022,223
1407042816.491226,222
1407042816.503716,223
1407042816.516353,223
1407042816.528901,225
1407042816.541670,225
1407042816.554316,224
1407042816.566980,225
1407042816.579736,225
1407042816.592463,227
1407042816.605250,226
1407042816.618010,226
1407042816.629857,227
1407042816.641653,228
1407042816.653849,227
1407042816.665782,228
1407042816.677824,228
1407042816.690161,230
1407042816.702302,229
1407042816.714374,229
1407042816.726496,230
1407042816.738816,231
1407042816.751272,232
1407042816.763745,231
1407042816.776491,231
1407042816.790119,232
1407042816.802713,233
1407042816.815548,232
1407042816.828284,233
1407042816.841091,233
1407042816.853983,235
1407042816.866639,235
1407042816.879388,234
1407042816.892183,235
1407042816.904848,235
1407042816.917588,237
1407042816.930326,237
1407042816.943158,236
1407042816.956126,237
1407042816.969048,237
1407042816.981639,239
1407042816.994370,239
1407042817.007015,238
1407042817.019696,239
1407042817.032639,239
1407042817.045399,241
1407042817.058316,241
1407042817.070973,240
1407042817.083797,241
1407042817.097403,241
1407042817.110071,243
1407042817.122753,243
1407042817.135669,242
1407042817.149185,243
1407042817.161913,243
1407042817.174559,245
1407042817.187270,245
1407042817.199907,244
1407042817.212417,245
1407042817.226193,245
1407042817.239716,247
1407042817.252992,247
1407042817.265244,246
1407042817.277450,247
1407042817.289762,248
1407042817.302003,249
1407042817.314320,248
1407042817.326611,248
1407042817.338922,249
1407042817.351486,250
1407042817.364263,249
1407042817.376779,250
1407042817.389271,250
1407042817.401772,252
1407042817.415144,252
1407042817.427670,251
1407042817.440368,252
1407042817.453052,252
1407042817.465723,254
1407042817.478391,254
1407042817.490999,253
1407042817.503595,254
1407042817.516349,254
1407042817.528988,256
1407042817.541836,255
1407042817.554684,255
1407042817.567590,256
1407042817.580762,256
1407042817.593679,258
1407042817.606547,257
1407042817.619357,257
1407042817.632057,258
1407042817.644830,259
1407042817.657577,260
1407042817.670073,259
1407042817.682963,259
1407042817.695549,260
1407042817.707958,261
1407042817.720474,262
1407042817.732990,261
1407042817.745515,261
1407042817.758206,263
1407042817.770891,263
1407042817.783575,262
1407042817.796516,263
1407042817.809438,263
1407042817.822289,265
1407042817.834903,265
1407042817.847686,264
1407042817.860133,265
1407042817.872232,265
1407042817.884260,267
1407042817.896381,266
1407042817.909346,266
1407042817.921537,267
1407042817.933760,268
1407042817.946121,269
1407042817.958304,268
1407042817.970579,268
1407042817.982863,270
1407042817.995283,270
1407042818.007687,269
1407042818.020144,270
1407042818.032566,271
1407042818.045236,272
1407042818.057874,271
1407042818.070395,271
1407042818.083321,272
1407042818.096109,273
1407042818.109045,274
1407042818.121706,273
1407042818.134421,273
1407042818.148247,274
1407042818.160868,275
1407042818.173474,276
1407042818.186049,275
1407042818.198481,275
1407042818.211077,276
1407042818.223551,277
1407042818.236127,276
1407042818.248650,277
1407042818.261136,277
1407042818.273705,279
1407042818.286274,279
1407042818.299028,278
1407042818.311719,279
1407042818.324339,279
1407042818.336999,281
1407042818.349500,280
1407042818.361765,280
1407042818.375231,281
1407042818.387728,282
1407042818.400446,283
1407042818.413092,282
1407042818.425752,282
1407042818.438489,283
1407042818.451171,284
1407042818.464786,285
1407042818.477641,284
1407042818.490393,284
1407042818.503395,285
1407042818.516159,286
1407042818.528952,287
1407042818.541890,286
1407042818.554707,286
1407042818.567633,287
1407042818.581173,288
1407042818.594085,289
1407042818.606793,288
1407042818.619547,288
1407042818.632471,289
1407042818.645295,290
1407042818.658222,291
1407042818.671083,290
1407042818.683736,290
1407042818.696536,291
1407042818.709844,292
1407042818.722364,293
1407042818.734824,292
1407042818.747307,292
1407042818.759909,293
1407042818.772421,294
1407042818.785109,293
1407042818.797813,294
1407042818.810374,294
1407042818.822946,296
1407042818.835671,296
1407042818.848264,295
1407042818.860925,296
1407042818.873640,296
1407042818.886262,298
1407042818.899335,298
1407042818.912244,297
1407042818.925285,298
1407042818.938112,298
1407042818.950762,300
1407042818.963437,299
1407042818.976223,299
1407042818.988951,300
1407042819.001862,301
1407042819.014462,302
1407042819.027233,301
1407042819.039961,301
1407042819.053031,302
1407042819.065700,303
1407042819.078461,304
1407042819.091240,303
1407042819.104360,303
1407042819.117297,304
1407042819.130896,305
1407042819.143537,306
1407042819.156304,305
1407042819.169070,305
1407042819.181827,306
1407042819.194607,307
1407042819.207445,308
1407042819.220246,307
1407042819.233019,307
1407042819.245959,308
1407042819.258694,309
1407042819.271741,310
1407042819.284688,309
1407042819.297585,309
1407042819.310236,310
1407042819.323037,311
1407042819.335822,312
1407042819.348839,311
1407042819.362270,311
1407042819.375170,312
1407042819.387806,313
1407042819.400637,314
1407042819.413275,313
1407042819.426069,313
1407042819.438913,314
1407042819.451645,315
1407042819.464477,316
1407042819.477185,315
1407042819.489866,315
1407042819.503429,316
1407042819.516154,317
1407042819.528931,318
1407042819.541577,317
1407042819.554233,317
1407042819.566926,319
1407042819.579648,319
1407042819.592393,318
1407042819.605063,319
1407042819.617742,319
1407042819.630377,321
1407042819.643189,321
1407042819.656100,320
1407042819.668877,321
1407042819.682105,321
1407042819.694907,323
1407042819.707512,323
1407042819.720246,322
1407042819.732910,323
1407042819.745703,323
1407042819.758401,325
1407042819.771921,325
1407042819.784734,324
1407042819.797645,325
1407042819.810411,325
1407042819.823330,327
1407042819.836280,327
1407042819.849130,326
1407042819.861762,327
1407042819.874452,327
1407042819.887053,329
1407042819.899672,328
1407042819.912404,328
1407042819.925384,329
1407042819.937980,330
1407042819.950585,331
1407042819.963072,330
1407042819.975678,330
1407042819.988923,331
1407042820.001642,332
1407042820.014534,333
1407042820.027197,332
1407042820.039253,332
1407042820.051283,334
1407042820.063326,334
1407042820.075468,333
1407042820.087809,334
1407042820.100446,334
1407042820.112964,336
1407042820.125409,335
1407042820.138572,335
1407042820.150981,336
1407042820.163363,337
1407042820.175941,338
1407042820.188509,337
1407042820.200338,337
1407042820.212570,339
1407042820.224798,339
1407042820.236982,338
1407042820.249457,339
1407042820.261791,339
1407042820.274103,341
1407042820.286423,340
1407042820.298756,340
1407042820.311232,341
1407042820.323696,342
1407042820.336278,343
1407042820.348726,342
1407042820.360993,342
1407042820.373500,344
1407042820.385980,344
1407042820.398595,343
1407042820.410973,344
1407042820.423645,344
1407042820.436287,346
1407042820.448613,345
1407042820.461267,345
1407042820.473740,346
1407042820.486204,347
1407042820.498803,348
1407042820.511282,347
1407042820.523758,347
1407042820.537170,348
1407042820.549855,349
1407042820.562436,350
1407042820.574785,349
1407042820.587288,349
1407042820.599966,351
1407042820.612950,351
1407042820.625932,350
1407042820.638666,351
1407042820.651566,351
1407042820.664537,353
1407042820.677468,353
1407042820.690436,352
1407042820.703213,353
1407042820.715965,353
1407042820.728843,355
1407042820.741591,355
1407042820.754443,354
1407042820.767024,355
1407042820.779757,355
1407042820.792457,357
1407042820.805368,357
1407042820.818111,356
1407042820.831805,357
1407042820.844789,357
1407042820.857753,359
1407042820.870613,359
1407042820.883483,358
1407042820.896346,359
1407042820.908940,359
1407042820.921689,361
1407042820.934573,361
1407042820.947337,360
1407042820.959972,361
1407042820.972792,361
1407042820.985547,363
1407042820.998631,363
1407042821.011484,362
1407042821.024315,363
1407042821.036934,363
1407042821.049565,365
1407042821.062966,365
1407042821.075631,364
1407042821.088212,365
1407042821.101112,366
1407042821.113921,367
1407042821.126779,366
1407042821.139455,366
1407042821.152286,367
1407042821.165102,368
1407042821.177967,369
1407042821.190617,368
1407042821.203231,368
1407042821.216187,369
1407042821.229099,370
1407042821.242727,371
1407042821.255613,370
1407042821.268369,370
1407042821.281319,371
1407042821.294124,372
1407042821.307012,373
1407042821.319746,372
1407042821.332427,372
1407042821.345313,373
1407042821.358163,374
1407042821.371103,375
1407042821.383857,374
1407042821.396690,374
1407042821.409557,375
1407042821.422817,376
1407042821.435465,377
1407042821.448250,376
1407042821.460881,376
1407042821.473810,377
1407042821.486576,378
1407042821.499039,379
1407042821.512609,378
1407042821.525403,379
1407042821.538175,378
1407042821.550506,380
1407042821.562922,380
1407042821.575458,379
1407042821.587746,380
1407042821.600232,380
1407042821.613544,381
1407042821.626184,381
1407042821.638584,380
1407042821.651245,381
1407042821.663523,381
1407042821.675903,380
1407042821.697992,382
1407042821.710287,382
1407042821.722599,382
1407042821.734836,381
1407042821.747069,383
1407042821.759336,383
1407042821.771935,382
1407042821.784325,383
1407042821.796813,382
1407042821.809086,384
1407042821.821377,384
1407042821.833614,383
1407042821.845745,384
1407042821.858003,384
1407042821.870139,383
1407042821.882369,385
1407042821.894695,384
1407042821.907044,385
1407042821.919387,385
1407042821.932224,384
1407042821.944487,386
1407042821.956950,386
1407042821.969490,386
1407042821.981812,386
1407042821.994163,385
1407042822.006373,387
1407042822.018666,387
1407042822.032184,386
1407042822.044689,387
1407042822.057315,386
1407042822.069731,388
1407042822.082585,388
1407042822.095069,387
1407042822.107470,388
1407042822.119940,387
1407042822.132528,389
1407042822.144972,389
1407042822.157952,388
1407042822.170016,389
1407042822.182370,389
1407042822.194831,390
1407042822.207264,390
1407042822.219612,389
1407042822.231980,390
1407042822.244523,390
1407042822.256977,389
1407042822.269539,391
1407042822.282194,390
1407042822.294816,391
1407042822.307498,391
1407042822.320411,390
1407042822.332887,392
1407042822.345545,391
1407042822.357980,392
1407042822.369732,392
1407042822.382966,391
1407042822.395259,393
1407042822.407039,393
1407042822.418285,392
1407042822.430651,393
1407042822.442368,392
1407042822.454006,394
1407042822.465173,394
1407042822.477490,393
1407042822.488851,394
1407042822.500789,394
1407042822.512859,393
1407042822.524813,395
1407042822.536610,395
1407042822.549320,395
1407042822.561218,395
1407042822.573097,394
1407042822.585131,396
1407042822.596928,396
1407042822.609786,395
1407042822.621719,396
1407042822.633800,396
1407042822.645494,395
1407042822.658351,397
1407042822.670339,396
1407042822.682303,397
1407042822.694320,397
1407042822.705992,396
1407042822.718535,398
1407042822.730573,398
1407042822.742581,397
1407042822.754410,398
1407042822.766196,397
1407042822.778158,399
1407042822.790162,399
1407042822.802276,398
1407042822.814780,399
1407042822.826929,399
1407042822.838880,398
1407042822.851011,400
1407042822.863189,399
1407042822.875158,400
1407042822.887160,400
1407042822.899192,399
1407042822.911248,401
1407042822.923437,401
1407042822.935813,400
1407042822.948300,401
1407042822.960753,400
1407042822.973322,402
1407042822.985860,402
1407042822.998911,401
1407042823.011388,402
1407042823.024186,401
1407042823.036883,403
1407042823.049448,403
1407042823.062613,402
1407042823.075246,403
1407042823.088150,402
1407042823.100999,404
1407042823.113594,404
1407042823.126756,403
1407042823.139113,404
1407042823.152517,404
1407042823.165104,405
1407042823.177632,405
1407042823.190164,404
1407042823.202679,405
1407042823.215655,405
1407042823.228217,406
1407042823.240722,406
1407042823.253173,405
1407042823.266437,406
1407042823.278946,406
1407042823.291795,405
1407042823.304388,407
1407042823.317001,406
1407042823.329481,407
1407042823.341896,407
1407042823.355603,406
1407042823.368386,408
1407042823.380895,407
1407042823.393239,408
1407042823.405716,408
1407042823.418577,407
1407042823.430965,409
1407042823.442847,409
1407042823.455483,409
1407042823.467804,409
1407042823.480826,408
1407042823.493548,410
1407042823.505832,409
1407042823.517995,411
1407042823.529917,411
1407042823.541918,410
1407042823.554108,412
1407042823.566159,411
1407042823.578254,411
1407042823.590472,413
1407042823.602711,412
1407042823.615184,414
1407042823.627588,414
1407042823.640445,413
1407042823.653010,415
1407042823.665679,414
1407042823.678235,414
1407042823.690802,416
1407042823.703314,414
1407042823.715562,417
1407042823.727839,416
1407042823.740267,416
1407042823.752783,418
1407042823.765300,417
1407042823.777861,419
1407042823.790416,418
1407042823.802988,418
1407042823.815544,420
1407042823.828167,419
1407042823.840927,419
1407042823.853667,421
1407042823.866301,420
1407042823.879095,422
1407042823.891849,421
1407042823.904791,421
1407042823.918335,423
1407042823.931209,422
1407042823.944189,424
1407042823.956960,423
1407042823.969708,423
1407042823.982644,425
1407042823.996313,424
1407042824.009122,426
1407042824.021962,425
1407042824.034831,425
1407042824.047662,427
1407042824.060611,426
1407042824.073471,428
1407042824.086323,427
1407042824.099143,427
1407042824.111946,429
1407042824.125633,428
1407042824.138609,430
1407042824.151403,429
1407042824.164373,431
1407042824.177257,431
1407042824.190034,430
1407042824.202841,432
1407042824.215617,431
1407042824.228764,433
1407042824.241740,433
1407042824.254370,432
1407042824.266773,434
1407042824.280043,433
1407042824.292647,433
1407042824.305270,435
1407042824.317959,434
1407042824.330437,436
1407042824.343020,435
1407042824.355655,435
1407042824.368415,437
1407042824.381055,435
1407042824.393515,438
1407042824.405877,437
1407042824.418284,437
1407042824.430338,439
1407042824.442866,438
1407042824.455282,440
1407042824.467609,440
1407042824.480144,439
1407042824.492292,441
1407042824.504653,440
1407042824.516878,440
1407042824.530053,442
1407042824.542442,440
1407042824.554908,443
1407042824.567399,442
1407042824.579910,442
1407042824.592474,444
1407042824.605038,443
1407042824.617657,445
1407042824.630351,444
1407042824.642771,444
1407042824.655392,446
1407042824.667849,445
1407042824.680931,447
1407042824.693594,447
1407042824.706402,446
1407042824.718104,448
1407042824.730708,447
1407042824.743558,447
1407042824.756575,449
1407042824.769434,448
1407042824.782243,450
1407042824.795027,449
1407042824.807905,449
1407042824.820617,451
1407042824.833377,449
1407042824.846167,452
1407042824.858798,451
1407042824.871520,451
1407042824.884531,453
1407042824.897653,451
1407042824.910535,454
1407042824.923554,453
1407042824.936743,453
1407042824.949826,455
1407042824.963020,453
1407042824.975893,456
1407042824.988714,455
1407042825.002140,455
1407042825.015019,457
1407042825.027420,455
1407042825.039968,458
1407042825.052670,457
1407042825.065430,457
1407042825.078114,459
1407042825.090852,457
1407042825.103622,460
1407042825.116612,459
1407042825.129553,459
1407042825.142337,461
1407042825.155268,459
