1406987910,s3,0.00,0.00,0.00,0,0,0.00,0.00,0.00,0,0,0.00,0.00,0,0
1406987910,s1-eth1,0.00,0.00,0.00,0,0,0.00,0.00,0.00,0,0,0.00,0.00,0,0
1406987910,s1-eth3,0.00,0.00,0.00,0,0,0.00,0.00,0.00,0,0,0.00,0.00,0,0
1406987910,s1-eth2,0.00,0.00,0.00,0,0,0.00,0.00,0.00,0,0,0.00,0.00,0,0
1406987910,s4,0.00,0.00,0.00,0,0,0.00,0.00,0.00,0,0,0.00,0.00,0,0
1406987910,s2-eth1,0.00,0.00,0.00,0,0,0.00,0.00,0.00,0,0,0.00,0.00,0,0
1406987910,s2-eth3,0.00,0.00,0.00,0,0,0.00,0.00,0.00,0,0,0.00,0.00,0,0
1406987910,s2-eth2,0.00,0.00,0.00,0,0,0.00,0.00,0.00,0,0,0.00,0.00,0,0
1406987910,s5,0.00,0.00,0.00,0,0,0.00,0.00,0.00,0,0,0.00,0.00,0,0
1406987910,s3-eth1,0.00,0.00,0.00,0,0,0.00,0.00,0.00,0,0,0.00,0.00,0,0
1406987910,s3-eth3,0.00,0.00,0.00,0,0,0.00,0.00,0.00,0,0,0.00,0.00,0,0
1406987910,s3-eth2,0.00,0.00,0.00,0,0,0.00,0.00,0.00,0,0,0.00,0.00,0,0
1406987910,eth0,0.00,0.00,0.00,0,0,0.00,0.00,0.00,0,0,0.00,0.00,0,0
1406987910,lo,0.00,0.00,0.00,0,0,0.00,0.00,0.00,0,0,0.00,0.00,0,0
1406987910,s1,0.00,0.00,0.00,0,0,0.00,0.00,0.00,0,0,0.00,0.00,0,0
1406987910,s4-eth1,0.00,0.00,0.00,0,0,0.00,0.00,0.00,0,0,0.00,0.00,0,0
1406987910,s4-eth3,0.00,0.00,0.00,0,0,0.00,0.00,0.00,0,0,0.00,0.00,0,0
1406987910,s4-eth2,0.00,0.00,0.00,0,0,0.00,0.00,0.00,0,0,0.00,0.00,0,0
1406987910,s2,0.00,0.00,0.00,0,0,0.00,0.00,0.00,0,0,0.00,0.00,0,0
1406987910,s5-eth1,0.00,0.00,0.00,0,0,0.00,0.00,0.00,0,0,0.00,0.00,0,0
1406987910,s5-eth2,0.00,0.00,0.00,0,0,0.00,0.00,0.00,0,0,0.00,0.00,0,0
1406987910,total,0.00,0.00,0.00,0,0,0.00,0.00,0.00,0,0,0.00,0.00,0,0
1406987911,s3,0.00,89.91,89.91,90,0,0.00,1.00,1.00,1,0,0.00,0.00,0,0
1406987911,s1-eth1,1223396.00,27324.00,1250720.00,27324,1223396,414.00,414.00,828.00,414,414,0.00,0.00,0,0
1406987911,s1-eth3,20724.00,974588.00,995312.00,974588,20724,314.00,330.00,644.00,330,314,0.00,0.00,0,0
1406987911,s1-eth2,6690.00,305086.00,311776.00,305086,6690,101.00,103.00,204.00,103,101,0.00,0.00,0,0
1406987911,s4,0.00,90.00,90.00,90,0,0.00,1.00,1.00,1,0,0.00,0.00,0,0
1406987911,s2-eth1,974588.00,20724.00,995312.00,20724,974588,330.00,314.00,644.00,314,330,0.00,0.00,0,0
1406987911,s2-eth3,14916.00,705046.00,719962.00,705046,14916,226.00,239.00,465.00,239,226,0.00,0.00,0,0
1406987911,s2-eth2,5898.00,272504.00,278402.00,272504,5898,89.00,92.00,181.00,92,89,0.00,0.00,0,0
1406987911,s5,0.00,90.00,90.00,90,0,0.00,1.00,1.00,1,0,0.00,0.00,0,0
1406987911,s3-eth1,705046.00,14916.00,719962.00,14916,705046,239.00,226.00,465.00,226,239,0.00,0.00,0,0
1406987911,s3-eth3,9108.00,435504.00,444612.00,435504,9108,138.00,148.00,286.00,148,138,0.00,0.00,0,0
1406987911,s3-eth2,5898.00,269542.00,275440.00,269542,5898,89.00,91.00,180.00,91,89,0.00,0.00,0,0
1406987911,eth0,0.00,0.00,0.00,0,0,0.00,0.00,0.00,0,0,0.00,0.00,0,0
1406987911,lo,1440.00,1440.00,2880.00,1440,1440,15.00,15.00,30.00,15,15,0.00,0.00,0,0
1406987911,s1,0.00,90.00,90.00,90,0,0.00,1.00,1.00,1,0,0.00,0.00,0,0
1406987911,s4-eth1,435504.00,9108.00,444612.00,9108,435504,148.00,138.00,286.00,138,148,0.00,0.00,0,0
1406987911,s4-eth3,4512.00,210302.00,214814.00,210302,4512,68.00,71.00,139.00,71,68,0.00,0.00,0,0
1406987911,s4-eth2,4752.00,222240.00,226992.00,222240,4752,72.00,76.00,148.00,76,72,0.00,0.00,0,0
1406987911,s2,0.00,90.00,90.00,90,0,0.00,1.00,1.00,1,0,0.00,0.00,0,0
1406987911,s5-eth1,210302.00,4512.00,214814.00,4512,210302,71.00,68.00,139.00,68,71,0.00,0.00,0,0
1406987911,s5-eth2,4512.00,210302.00,214814.00,210302,4512,68.00,71.00,139.00,71,68,0.00,0.00,0,0
1406987911,total,3627286.00,3683588.00,7310874.00,3683588,3627286,2382.00,2401.00,4783.00,2401,2382,0.00,0.00,0,0
1406987912,s3,0.00,180.00,180.00,180,0,0.00,2.00,2.00,2,0,0.00,0.00,0,0
1406987912,s1-eth1,1226358.00,27348.00,1253706.00,27348,1226358,415.00,414.00,829.00,414,415,0.00,0.00,0,0
1406987912,s1-eth3,21012.00,980512.00,1001524.00,980512,21012,318.00,332.00,650.00,332,318,0.00,0.00,0,0
1406987912,s1-eth2,6516.00,302124.00,308640.00,302124,6516,98.00,102.00,200.00,102,98,0.00,0.00,0,0
1406987912,s4,0.00,180.00,180.00,180,0,0.00,2.00,2.00,2,0,0.00,0.00,0,0
1406987912,s2-eth1,980512.00,21012.00,1001524.00,21012,980512,332.00,318.00,650.00,318,332,0.00,0.00,0,0
1406987912,s2-eth3,14808.00,693198.00,708006.00,693198,14808,224.00,235.00,459.00,235,224,0.00,0.00,0,0
1406987912,s2-eth2,6318.00,284352.00,290670.00,284352,6318,95.00,96.00,191.00,96,95,0.00,0.00,0,0
1406987912,s5,0.00,180.00,180.00,180,0,0.00,2.00,2.00,2,0,0.00,0.00,0,0
1406987912,s3-eth1,693198.00,14808.00,708006.00,14808,693198,235.00,224.00,459.00,224,235,0.00,0.00,0,0
1406987912,s3-eth3,8736.00,405884.00,414620.00,405884,8736,132.00,138.00,270.00,138,132,0.00,0.00,0,0
1406987912,s3-eth2,6252.00,287314.00,293566.00,287314,6252,94.00,97.00,191.00,97,94,0.00,0.00,0,0
1406987912,eth0,0.00,0.00,0.00,0,0,0.00,0.00,0.00,0,0,0.00,0.00,0,0
1406987912,lo,2880.00,2880.00,5760.00,2880,2880,30.00,30.00,60.00,30,30,0.00,0.00,0,0
1406987912,s1,0.00,180.00,180.00,180,0,0.00,2.00,2.00,2,0,0.00,0.00,0,0
1406987912,s4-eth1,405884.00,8736.00,414620.00,8736,405884,138.00,132.00,270.00,132,138,0.00,0.00,0,0
1406987912,s4-eth3,4734.00,213264.00,217998.00,213264,4734,71.00,72.00,143.00,72,71,0.00,0.00,0,0
1406987912,s4-eth2,4182.00,192620.00,196802.00,192620,4182,63.00,66.00,129.00,66,63,0.00,0.00,0,0
1406987912,s2,0.00,180.00,180.00,180,0,0.00,2.00,2.00,2,0,0.00,0.00,0,0
1406987912,s5-eth1,213264.00,4734.00,217998.00,4734,213264,72.00,71.00,143.00,71,72,0.00,0.00,0,0
1406987912,s5-eth2,4734.00,213264.00,217998.00,213264,4734,71.00,72.00,143.00,72,71,0.00,0.00,0,0
1406987912,total,3599388.00,3652950.00,7252338.00,3652950,3599388,2388.00,2409.00,4797.00,2409,2388,0.00,0.00,0,0
1406987913,s3,0.00,140.00,140.00,140,0,0.00,2.00,2.00,2,0,0.00,0.00,0,0
1406987913,s1-eth1,1223306.00,27258.00,1250564.00,27258,1223306,413.00,413.00,826.00,413,413,0.00,0.00,0,0
1406987913,s1-eth3,20794.00,974568.00,995362.00,974568,20794,315.00,330.00,645.00,330,315,0.00,0.00,0,0
1406987913,s1-eth2,6604.00,302194.00,308798.00,302194,6604,100.00,103.00,203.00,103,100,0.00,0.00,0,0
1406987913,s4,0.00,140.00,140.00,140,0,0.00,2.00,2.00,2,0,0.00,0.00,0,0
1406987913,s2-eth1,974568.00,20794.00,995362.00,20794,974568,330.00,315.00,645.00,315,330,0.00,0.00,0,0
1406987913,s2-eth3,14458.00,675406.00,689864.00,675406,14458,219.00,229.00,448.00,229,219,0.00,0.00,0,0
1406987913,s2-eth2,6542.00,302124.00,308666.00,302124,6542,99.00,102.00,201.00,102,99,0.00,0.00,0,0
1406987913,s5,0.00,140.00,140.00,140,0,0.00,2.00,2.00,2,0,0.00,0.00,0,0
1406987913,s3-eth1,675406.00,14458.00,689864.00,14458,675406,229.00,219.00,448.00,219,229,0.00,0.00,0,0
1406987913,s3-eth3,8848.00,411788.00,420636.00,411788,8848,134.00,140.00,274.00,140,134,0.00,0.00,0,0
1406987913,s3-eth2,5750.00,263618.00,269368.00,263618,5750,87.00,89.00,176.00,89,87,0.00,0.00,0,0
1406987913,eth0,0.00,60.00,60.00,60,0,0.00,1.00,1.00,1,0,0.00,0.00,0,0
1406987913,lo,2680.00,2680.00,5360.00,2680,2680,30.00,30.00,60.00,30,30,0.00,0.00,0,0
1406987913,s1,0.00,140.00,140.00,140,0,0.00,2.00,2.00,2,0,0.00,0.00,0,0
1406987913,s4-eth1,411788.00,8848.00,420636.00,8848,411788,140.00,134.00,274.00,134,140,0.00,0.00,0,0
1406987913,s4-eth3,4426.00,204448.00,208874.00,204448,4426,67.00,70.00,137.00,70,67,0.00,0.00,0,0
1406987913,s4-eth2,4562.00,207340.00,211902.00,207340,4562,69.00,70.00,139.00,70,69,0.00,0.00,0,0
1406987913,s2,0.00,140.00,140.00,140,0,0.00,2.00,2.00,2,0,0.00,0.00,0,0
1406987913,s5-eth1,204448.00,4426.00,208874.00,4426,204448,70.00,67.00,137.00,67,70,0.00,0.00,0,0
1406987913,s5-eth2,4426.00,204448.00,208874.00,204448,4426,67.00,70.00,137.00,70,67,0.00,0.00,0,0
1406987913,total,3568606.00,3625158.00,7193764.00,3625158,3568606,2369.00,2392.00,4761.00,2392,2369,0.00,0.00,0,0
1406987914,s3,0.00,280.00,280.00,280,0,0.00,4.00,4.00,4,0,0.00,0.00,0,0
1406987914,s1-eth1,1223656.00,27370.00,1251026.00,27370,1223656,418.00,415.00,833.00,415,418,0.00,0.00,0,0
1406987914,s1-eth3,21070.00,983804.00,1004874.00,983804,21070,321.00,340.00,661.00,340,321,0.00,0.00,0,0
1406987914,s1-eth2,6916.00,308216.00,315132.00,308216,6916,106.00,108.00,214.00,108,106,0.00,0.00,0,0
1406987914,s4,0.00,280.00,280.00,280,0,0.00,4.00,4.00,4,0,0.00,0.00,0,0
1406987914,s2-eth1,983804.00,21070.00,1004874.00,21070,983804,340.00,321.00,661.00,321,340,0.00,0.00,0,0
1406987914,s2-eth3,16076.00,743896.00,759972.00,743896,16076,246.00,260.00,506.00,260,246,0.00,0.00,0,0
1406987914,s2-eth2,5460.00,240160.00,245620.00,240160,5460,84.00,86.00,170.00,86,84,0.00,0.00,0,0
1406987914,s5,0.00,280.00,280.00,280,0,0.00,4.00,4.00,4,0,0.00,0.00,0,0
1406987914,s3-eth1,743896.00,16076.00,759972.00,16076,743896,260.00,246.00,506.00,246,260,0.00,0.00,0,0
1406987914,s3-eth3,10296.00,474242.00,484538.00,474242,10296,158.00,167.00,325.00,167,158,0.00,0.00,0,0
1406987914,s3-eth2,6228.00,272784.00,279012.00,272784,6228,96.00,98.00,194.00,98,96,0.00,0.00,0,0
1406987914,eth0,0.00,0.00,0.00,0,0,0.00,0.00,0.00,0,0,0.00,0.00,0,0
1406987914,lo,22816.00,22816.00,45632.00,22816,22816,218.00,218.00,436.00,218,218,0.00,0.00,0,0
1406987914,s1,0.00,280.00,280.00,280,0,0.00,4.00,4.00,4,0,0.00,0.00,0,0
1406987914,s4-eth1,474242.00,10296.00,484538.00,10296,474242,167.00,158.00,325.00,158,167,0.00,0.00,0,0
1406987914,s4-eth3,5464.00,243052.00,248516.00,243052,5464,84.00,86.00,170.00,86,84,0.00,0.00,0,0
1406987914,s4-eth2,5196.00,231274.00,236470.00,231274,5196,80.00,83.00,163.00,83,80,0.00,0.00,0,0
1406987914,s2,0.00,280.00,280.00,280,0,0.00,4.00,4.00,4,0,0.00,0.00,0,0
1406987914,s5-eth1,243052.00,5464.00,248516.00,5464,243052,86.00,84.00,170.00,84,86,0.00,0.00,0,0
1406987914,s5-eth2,5464.00,243052.00,248516.00,243052,5464,84.00,86.00,170.00,86,84,0.00,0.00,0,0
1406987914,total,3773636.00,3844972.00,7618608.00,3844972,3773636,2748.00,2776.00,5524.00,2776,2748,0.00,0.00,0,0
1406987915,s3,0.00,179.82,179.82,180,0,0.00,2.00,2.00,2,0,0.00,0.00,0,0
1406987915,s1-eth1,1222215.88,27230.77,1249446.62,27258,1223438,414.59,412.59,827.17,413,415,0.00,0.00,0,0
1406987915,s1-eth3,21054.00,1066500.00,1087554.00,1066500,21054,319.00,362.00,681.00,362,319,0.00,0.00,0,0
1406987915,s1-eth2,6384.00,305086.00,311470.00,305086,6384,96.00,103.00,199.00,103,96,0.00,0.00,0,0
1406987915,s4,0.00,179.82,179.82,180,0,0.00,2.00,2.00,2,0,0.00,0.00,0,0
1406987915,s2-eth1,1065434.62,21032.97,1086467.50,21054,1066500,361.64,318.68,680.32,319,362,0.00,0.00,0,0
1406987915,s2-eth3,14553.45,727924.12,742477.56,728652,14568,219.78,245.75,465.53,246,220,0.00,0.00,0,0
1406987915,s2-eth2,6732.00,334886.00,341618.00,334886,6732,102.00,115.00,217.00,115,102,0.00,0.00,0,0
1406987915,s5,0.00,180.00,180.00,180,0,0.00,2.00,2.00,2,0,0.00,0.00,0,0
1406987915,s3-eth1,728652.00,14568.00,743220.00,14568,728652,246.00,220.00,466.00,220,246,0.00,0.00,0,0
1406987915,s3-eth3,9024.00,453186.00,462210.00,453186,9024,136.00,153.00,289.00,153,136,0.00,0.00,0,0
1406987915,s3-eth2,5724.00,275466.00,281190.00,275466,5724,86.00,93.00,179.00,93,86,0.00,0.00,0,0
1406987915,eth0,0.00,0.00,0.00,0,0,0.00,0.00,0.00,0,0,0.00,0.00,0,0
1406987915,lo,2880.00,2880.00,5760.00,2880,2880,30.00,30.00,60.00,30,30,0.00,0.00,0,0
1406987915,s1,0.00,180.00,180.00,180,0,0.00,2.00,2.00,2,0,0.00,0.00,0,0
1406987915,s4-eth1,453186.00,9024.00,462210.00,9024,453186,153.00,136.00,289.00,136,153,0.00,0.00,0,0
1406987915,s4-eth3,4404.00,219188.00,223592.00,219188,4404,66.00,74.00,140.00,74,66,0.00,0.00,0,0
1406987915,s4-eth2,4800.00,236960.00,241760.00,236960,4800,72.00,80.00,152.00,80,72,0.00,0.00,0,0
1406987915,s2,0.00,180.00,180.00,180,0,0.00,2.00,2.00,2,0,0.00,0.00,0,0
1406987915,s5-eth1,219188.00,4404.00,223592.00,4404,219188,74.00,66.00,140.00,66,74,0.00,0.00,0,0
1406987915,s5-eth2,4404.00,219188.00,223592.00,219188,4404,66.00,74.00,140.00,74,66,0.00,0.00,0,0
1406987915,total,3770938.00,3919200.00,7690138.00,3919200,3770938,2443.00,2494.00,4937.00,2494,2443,0.00,0.00,0,0
1406987916,s3,0.00,270.00,270.00,270,0,0.00,3.00,3.00,3,0,0.00,0.00,0,0
1406987916,s1-eth1,1227158.00,39738.00,1266896.00,39738,1227158,471.00,471.00,942.00,471,471,0.00,0.00,0,0
1406987916,s1-eth3,31588.00,904204.00,935792.00,904204,31588,376.00,426.00,802.00,426,376,0.00,0.00,0,0
1406987916,s1-eth2,8236.00,261848.00,270084.00,261848,8236,96.00,128.00,224.00,128,96,0.00,0.00,0,0
1406987916,s4,0.00,270.00,270.00,270,0,0.00,3.00,3.00,3,0,0.00,0.00,0,0
1406987916,s2-eth1,904204.00,31588.00,935792.00,31588,904204,426.00,376.00,802.00,376,426,0.00,0.00,0,0
1406987916,s2-eth3,24244.00,700808.00,725052.00,700808,24244,292.00,328.00,620.00,328,292,0.00,0.00,0,0
1406987916,s2-eth2,7430.00,207938.00,215368.00,207938,7430,85.00,101.00,186.00,101,85,0.00,0.00,0,0
1406987916,s5,0.00,270.00,270.00,270,0,0.00,3.00,3.00,3,0,0.00,0.00,0,0
1406987916,s3-eth1,703770.00,24244.00,728014.00,24244,703770,329.00,292.00,621.00,292,329,0.00,0.00,0,0
1406987916,s3-eth3,16084.00,479022.00,495106.00,479022,16084,196.00,215.00,411.00,215,196,0.00,0.00,0,0
1406987916,s3-eth2,8430.00,238266.00,246696.00,238266,8430,99.00,121.00,220.00,121,99,0.00,0.00,0,0
1406987916,eth0,0.00,0.00,0.00,0,0,0.00,0.00,0.00,0,0,0.00,0.00,0,0
1406987916,lo,3744.00,3744.00,7488.00,3744,3744,39.00,39.00,78.00,39,39,0.00,0.00,0,0
1406987916,s1,0.00,180.00,180.00,180,0,0.00,2.00,2.00,2,0,0.00,0.00,0,0
1406987916,s4-eth1,479022.00,16084.00,495106.00,16084,479022,215.00,196.00,411.00,196,215,0.00,0.00,0,0
1406987916,s4-eth3,7078.00,190058.00,197136.00,190058,7078,85.00,93.00,178.00,93,85,0.00,0.00,0,0
1406987916,s4-eth2,9276.00,286002.00,295278.00,286002,9276,114.00,121.00,235.00,121,114,0.00,0.00,0,0
1406987916,s2,0.00,180.00,180.00,180,0,0.00,2.00,2.00,2,0,0.00,0.00,0,0
1406987916,s5-eth1,190058.00,7078.00,197136.00,7078,190058,93.00,85.00,178.00,85,93,0.00,0.00,0,0
1406987916,s5-eth2,7078.00,190058.00,197136.00,190058,7078,85.00,93.00,178.00,93,85,0.00,0.00,0,0
1406987916,total,3627400.00,3581850.00,7209250.00,3581850,3627400,3001.00,3098.00,6099.00,3098,3001,0.00,0.00,0,0
1406987917,s3,0.00,230.00,230.00,230,0,0.00,3.00,3.00,3,0,0.00,0.00,0,0
1406987917,s1-eth1,1234908.00,45266.00,1280174.00,45266,1234908,610.00,583.00,1193.00,583,610,0.00,0.00,0,0
1406987917,s1-eth3,37352.00,1081244.00,1118596.00,1081244,37352,486.00,476.00,962.00,476,486,0.00,0.00,0,0
1406987917,s1-eth2,8328.00,208292.00,216620.00,208292,8328,102.00,84.00,186.00,84,102,0.00,0.00,0,0
1406987917,s4,0.00,230.00,230.00,230,0,0.00,3.00,3.00,3,0,0.00,0.00,0,0
1406987917,s2-eth1,1081244.00,37352.00,1118596.00,37352,1081244,476.00,486.00,962.00,486,476,0.00,0.00,0,0
1406987917,s2-eth3,27080.00,808142.00,835222.00,808142,27080,354.00,353.00,707.00,353,354,0.00,0.00,0,0
1406987917,s2-eth2,10686.00,268560.00,279246.00,268560,10686,137.00,120.00,257.00,120,137,0.00,0.00,0,0
1406987917,s5,0.00,230.00,230.00,230,0,0.00,3.00,3.00,3,0,0.00,0.00,0,0
1406987917,s3-eth1,805180.00,27080.00,832260.00,27080,805180,352.00,354.00,706.00,354,352,0.00,0.00,0,0
1406987917,s3-eth3,17226.00,531922.00,549148.00,531922,17226,231.00,227.00,458.00,227,231,0.00,0.00,0,0
1406987917,s3-eth2,10084.00,256778.00,266862.00,256778,10084,126.00,117.00,243.00,117,126,0.00,0.00,0,0
1406987917,eth0,0.00,0.00,0.00,0,0,0.00,0.00,0.00,0,0,0.00,0.00,0,0
1406987917,lo,4696.00,4696.00,9392.00,4696,4696,51.00,51.00,102.00,51,51,0.00,0.00,0,0
1406987917,s1,0.00,320.00,320.00,320,0,0.00,4.00,4.00,4,0,0.00,0.00,0,0
1406987917,s4-eth1,531922.00,17226.00,549148.00,17226,531922,227.00,231.00,458.00,231,227,0.00,0.00,0,0
1406987917,s4-eth3,8988.00,275540.00,284528.00,275540,8988,120.00,116.00,236.00,116,120,0.00,0.00,0,0
1406987917,s4-eth2,8468.00,256382.00,264850.00,256382,8468,114.00,111.00,225.00,111,114,0.00,0.00,0,0
1406987917,s2,0.00,320.00,320.00,320,0,0.00,4.00,4.00,4,0,0.00,0.00,0,0
1406987917,s5-eth1,275540.00,8988.00,284528.00,8988,275540,116.00,120.00,236.00,120,116,0.00,0.00,0,0
1406987917,s5-eth2,8988.00,275540.00,284528.00,275540,8988,120.00,116.00,236.00,116,120,0.00,0.00,0,0
1406987917,total,4070690.00,4104338.00,8175028.00,4104338,4070690,3622.00,3562.00,7184.00,3562,3622,0.00,0.00,0,0
1406987918,s3,0.00,370.00,370.00,370,0,0.00,5.00,5.00,5,0,0.00,0.00,0,0
1406987918,s1-eth1,1223746.00,27328.00,1251074.00,27328,1223746,419.00,414.00,833.00,414,419,0.00,0.00,0,0
1406987918,s1-eth3,21058.00,968874.00,989932.00,968874,21058,319.00,331.00,650.00,331,319,0.00,0.00,0,0
1406987918,s1-eth2,6574.00,290276.00,296850.00,290276,6574,99.00,98.00,197.00,98,99,0.00,0.00,0,0
1406987918,s4,0.00,370.00,370.00,370,0,0.00,5.00,5.00,5,0,0.00,0.00,0,0
1406987918,s2-eth1,968874.00,21058.00,989932.00,21058,968874,331.00,319.00,650.00,319,331,0.00,0.00,0,0
1406987918,s2-eth3,15452.00,708148.00,723600.00,708148,15452,234.00,242.00,476.00,242,234,0.00,0.00,0,0
1406987918,s2-eth2,5976.00,260726.00,266702.00,260726,5976,90.00,89.00,179.00,89,90,0.00,0.00,0,0
1406987918,s5,0.00,370.00,370.00,370,0,0.00,5.00,5.00,5,0,0.00,0.00,0,0
1406987918,s3-eth1,708148.00,15452.00,723600.00,15452,708148,242.00,234.00,476.00,234,242,0.00,0.00,0,0
1406987918,s3-eth3,10374.00,471118.00,481492.00,471118,10374,157.00,161.00,318.00,161,157,0.00,0.00,0,0
1406987918,s3-eth2,5448.00,237030.00,242478.00,237030,5448,82.00,81.00,163.00,81,82,0.00,0.00,0,0
1406987918,eth0,0.00,60.00,60.00,60,0,0.00,1.00,1.00,1,0,0.00,0.00,0,0
1406987918,lo,6800.00,6800.00,13600.00,6800,6800,75.00,75.00,150.00,75,75,0.00,0.00,0,0
1406987918,s1,0.00,370.00,370.00,370,0,0.00,5.00,5.00,5,0,0.00,0.00,0,0
1406987918,s4-eth1,471118.00,10374.00,481492.00,10374,471118,161.00,157.00,318.00,157,161,0.00,0.00,0,0
1406987918,s4-eth3,5230.00,228164.00,233394.00,228164,5230,79.00,78.00,157.00,78,79,0.00,0.00,0,0
1406987918,s4-eth2,5514.00,242954.00,248468.00,242954,5514,83.00,83.00,166.00,83,83,0.00,0.00,0,0
1406987918,s2,0.00,370.00,370.00,370,0,0.00,5.00,5.00,5,0,0.00,0.00,0,0
1406987918,s5-eth1,228164.00,5230.00,233394.00,5230,228164,78.00,79.00,157.00,79,78,0.00,0.00,0,0
1406987918,s5-eth2,5230.00,228164.00,233394.00,228164,5230,79.00,78.00,157.00,78,79,0.00,0.00,0,0
1406987918,total,3687706.00,3723606.00,7411312.00,3723606,3687706,2528.00,2545.00,5073.00,2545,2528,0.00,0.00,0,0
1406987919,s3,0.00,0.00,0.00,0,0,0.00,0.00,0.00,0,0,0.00,0.00,0,0
1406987919,s1-eth1,1223306.00,27258.00,1250564.00,27258,1223306,413.00,413.00,826.00,413,413,0.00,0.00,0,0
1406987919,s1-eth3,21582.00,971536.00,993118.00,971536,21582,327.00,328.00,655.00,328,327,0.00,0.00,0,0
1406987919,s1-eth2,5742.00,257694.00,263436.00,257694,5742,87.00,87.00,174.00,87,87,0.00,0.00,0,0
1406987919,s4,0.00,0.00,0.00,0,0,0.00,0.00,0.00,0,0,0.00,0.00,0,0
1406987919,s2-eth1,971536.00,21582.00,993118.00,21582,971536,328.00,327.00,655.00,327,328,0.00,0.00,0,0
1406987919,s2-eth3,16038.00,722728.00,738766.00,722728,16038,243.00,244.00,487.00,244,243,0.00,0.00,0,0
1406987919,s2-eth2,5544.00,251770.00,257314.00,251770,5544,84.00,85.00,169.00,85,84,0.00,0.00,0,0
1406987919,s5,0.00,0.00,0.00,0,0,0.00,0.00,0.00,0,0,0.00,0.00,0,0
1406987919,s3-eth1,722728.00,16038.00,738766.00,16038,722728,244.00,243.00,487.00,243,244,0.00,0.00,0,0
1406987919,s3-eth3,10560.00,473920.00,484480.00,473920,10560,160.00,160.00,320.00,160,160,0.00,0.00,0,0
1406987919,s3-eth2,5478.00,248808.00,254286.00,248808,5478,83.00,84.00,167.00,84,83,0.00,0.00,0,0
1406987919,eth0,0.00,0.00,0.00,0,0,0.00,0.00,0.00,0,0,0.00,0.00,0,0
1406987919,lo,0.00,0.00,0.00,0,0,0.00,0.00,0.00,0,0,0.00,0.00,0,0
1406987919,s1,0.00,0.00,0.00,0,0,0.00,0.00,0.00,0,0,0.00,0.00,0,0
1406987919,s4-eth1,473920.00,10560.00,484480.00,10560,473920,160.00,160.00,320.00,160,160,0.00,0.00,0,0
1406987919,s4-eth3,5082.00,228074.00,233156.00,228074,5082,77.00,77.00,154.00,77,77,0.00,0.00,0,0
1406987919,s4-eth2,5478.00,245846.00,251324.00,245846,5478,83.00,83.00,166.00,83,83,0.00,0.00,0,0
1406987919,s2,0.00,0.00,0.00,0,0,0.00,0.00,0.00,0,0,0.00,0.00,0,0
1406987919,s5-eth1,228074.00,5082.00,233156.00,5082,228074,77.00,77.00,154.00,77,77,0.00,0.00,0,0
1406987919,s5-eth2,5082.00,228074.00,233156.00,228074,5082,77.00,77.00,154.00,77,77,0.00,0.00,0,0
1406987919,total,3700150.00,3708970.00,7409120.00,3708970,3700150,2443.00,2445.00,4888.00,2445,2443,0.00,0.00,0,0
1406987920,s3,0.00,90.00,90.00,90,0,0.00,1.00,1.00,1,0,0.00,0.00,0,0
1406987920,s1-eth1,1226268.00,27348.00,1253616.00,27348,1226268,414.00,414.00,828.00,414,414,0.00,0.00,0,0
1406987920,s1-eth3,21606.00,962650.00,984256.00,962650,21606,327.00,325.00,652.00,325,327,0.00,0.00,0,0
1406987920,s1-eth2,5832.00,260656.00,266488.00,260656,5832,88.00,88.00,176.00,88,88,0.00,0.00,0,0
1406987920,s4,0.00,90.00,90.00,90,0,0.00,1.00,1.00,1,0,0.00,0.00,0,0
1406987920,s2-eth1,962650.00,21606.00,984256.00,21606,962650,325.00,327.00,652.00,327,325,0.00,0.00,0,0
1406987920,s2-eth3,16062.00,713842.00,729904.00,713842,16062,243.00,241.00,484.00,241,243,0.00,0.00,0,0
1406987920,s2-eth2,5568.00,245846.00,251414.00,245846,5568,84.00,83.00,167.00,83,84,0.00,0.00,0,0
1406987920,s5,0.00,90.00,90.00,90,0,0.00,1.00,1.00,1,0,0.00,0.00,0,0
1406987920,s3-eth1,713842.00,16062.00,729904.00,16062,713842,241.00,243.00,484.00,243,241,0.00,0.00,0,0
1406987920,s3-eth3,10518.00,465034.00,475552.00,465034,10518,159.00,157.00,316.00,157,159,0.00,0.00,0,0
1406987920,s3-eth2,5634.00,248808.00,254442.00,248808,5634,85.00,84.00,169.00,84,85,0.00,0.00,0,0
1406987920,eth0,0.00,0.00,0.00,0,0,0.00,0.00,0.00,0,0,0.00,0.00,0,0
1406987920,lo,1440.00,1440.00,2880.00,1440,1440,15.00,15.00,30.00,15,15,0.00,0.00,0,0
1406987920,s1,0.00,90.00,90.00,90,0,0.00,1.00,1.00,1,0,0.00,0.00,0,0
1406987920,s4-eth1,465034.00,10518.00,475552.00,10518,465034,157.00,159.00,316.00,159,157,0.00,0.00,0,0
1406987920,s4-eth3,5106.00,225112.00,230218.00,225112,5106,77.00,76.00,153.00,76,77,0.00,0.00,0,0
1406987920,s4-eth2,5436.00,239922.00,245358.00,239922,5436,82.00,81.00,163.00,81,82,0.00,0.00,0,0
1406987920,s2,0.00,90.00,90.00,90,0,0.00,1.00,1.00,1,0,0.00,0.00,0,0
1406987920,s5-eth1,225112.00,5106.00,230218.00,5106,225112,76.00,77.00,153.00,77,76,0.00,0.00,0,0
1406987920,s5-eth2,5106.00,225112.00,230218.00,225112,5106,77.00,76.00,153.00,76,77,0.00,0.00,0,0
1406987920,total,3675214.00,3669512.00,7344726.00,3669512,3675214,2450.00,2451.00,4901.00,2451,2450,0.00,0.00,0,0
1406987921,s3,0.00,0.00,0.00,0,0,0.00,0.00,0.00,0,0,0.00,0.00,0,0
1406987921,s1-eth1,1223306.00,27258.00,1250564.00,27258,1223306,413.00,413.00,826.00,413,413,0.00,0.00,0,0
1406987921,s1-eth3,21582.00,977460.00,999042.00,977460,21582,327.00,330.00,657.00,330,327,0.00,0.00,0,0
1406987921,s1-eth2,5676.00,254732.00,260408.00,254732,5676,86.00,86.00,172.00,86,86,0.00,0.00,0,0
1406987921,s4,0.00,0.00,0.00,0,0,0.00,0.00,0.00,0,0,0.00,0.00,0,0
1406987921,s2-eth1,977460.00,21582.00,999042.00,21582,977460,330.00,327.00,657.00,327,330,0.00,0.00,0,0
1406987921,s2-eth3,16038.00,728652.00,744690.00,728652,16038,243.00,246.00,489.00,246,243,0.00,0.00,0,0
1406987921,s2-eth2,5544.00,251770.00,257314.00,251770,5544,84.00,85.00,169.00,85,84,0.00,0.00,0,0
1406987921,s5,0.00,0.00,0.00,0,0,0.00,0.00,0.00,0,0,0.00,0.00,0,0
1406987921,s3-eth1,728652.00,16038.00,744690.00,16038,728652,246.00,243.00,489.00,243,246,0.00,0.00,0,0
1406987921,s3-eth3,10494.00,479844.00,490338.00,479844,10494,159.00,162.00,321.00,162,159,0.00,0.00,0,0
1406987921,s3-eth2,5544.00,251770.00,257314.00,251770,5544,84.00,85.00,169.00,85,84,0.00,0.00,0,0
1406987921,eth0,0.00,0.00,0.00,0,0,0.00,0.00,0.00,0,0,0.00,0.00,0,0
1406987921,lo,0.00,0.00,0.00,0,0,0.00,0.00,0.00,0,0,0.00,0.00,0,0
1406987921,s1,0.00,0.00,0.00,0,0,0.00,0.00,0.00,0,0,0.00,0.00,0,0
1406987921,s4-eth1,479844.00,10494.00,490338.00,10494,479844,162.00,159.00,321.00,159,162,0.00,0.00,0,0
1406987921,s4-eth3,5082.00,231036.00,236118.00,231036,5082,77.00,78.00,155.00,78,77,0.00,0.00,0,0
1406987921,s4-eth2,5478.00,248808.00,254286.00,248808,5478,83.00,84.00,167.00,84,83,0.00,0.00,0,0
1406987921,s2,0.00,0.00,0.00,0,0,0.00,0.00,0.00,0,0,0.00,0.00,0,0
1406987921,s5-eth1,231036.00,5082.00,236118.00,5082,231036,78.00,77.00,155.00,77,78,0.00,0.00,0,0
1406987921,s5-eth2,5082.00,231036.00,236118.00,231036,5082,77.00,78.00,155.00,78,77,0.00,0.00,0,0
1406987921,total,3720818.00,3735562.00,7456380.00,3735562,3720818,2449.00,2453.00,4902.00,2453,2449,0.00,0.00,0,0
1406987922,s3,0.00,0.00,0.00,0,0,0.00,0.00,0.00,0,0,0.00,0.00,0,0
1406987922,s1-eth1,1223306.00,27258.00,1250564.00,27258,1223306,413.00,413.00,826.00,413,413,0.00,0.00,0,0
1406987922,s1-eth3,21318.00,986346.00,1007664.00,986346,21318,323.00,333.00,656.00,333,323,0.00,0.00,0,0
1406987922,s1-eth2,5940.00,272504.00,278444.00,272504,5940,90.00,92.00,182.00,92,90,0.00,0.00,0,0
1406987922,s4,0.00,0.00,0.00,0,0,0.00,0.00,0.00,0,0,0.00,0.00,0,0
1406987922,s2-eth1,986346.00,21318.00,1007664.00,21318,986346,333.00,323.00,656.00,323,333,0.00,0.00,0,0
1406987922,s2-eth3,15642.00,719766.00,735408.00,719766,15642,237.00,243.00,480.00,243,237,0.00,0.00,0,0
1406987922,s2-eth2,5742.00,263618.00,269360.00,263618,5742,87.00,89.00,176.00,89,87,0.00,0.00,0,0
1406987922,s5,0.00,0.00,0.00,0,0,0.00,0.00,0.00,0,0,0.00,0.00,0,0
1406987922,s3-eth1,719766.00,15642.00,735408.00,15642,719766,243.00,237.00,480.00,237,243,0.00,0.00,0,0
1406987922,s3-eth3,9956.04,458651.38,468607.41,459110,9966,150.85,154.85,305.69,155,151,0.00,0.00,0,0
1406987922,s3-eth2,5610.00,257694.00,263304.00,257694,5610,85.00,87.00,172.00,87,85,0.00,0.00,0,0
1406987922,eth0,0.00,0.00,0.00,0,0,0.00,0.00,0.00,0,0,0.00,0.00,0,0
1406987922,lo,0.00,0.00,0.00,0,0,0.00,0.00,0.00,0,0,0.00,0.00,0,0
1406987922,s1,0.00,0.00,0.00,0,0,0.00,0.00,0.00,0,0,0.00,0.00,0,0
1406987922,s4-eth1,459110.00,9966.00,469076.00,9966,459110,155.00,151.00,306.00,151,155,0.00,0.00,0,0
1406987922,s4-eth3,4356.00,201416.00,205772.00,201416,4356,66.00,68.00,134.00,68,66,0.00,0.00,0,0
1406987922,s4-eth2,5610.00,257694.00,263304.00,257694,5610,85.00,87.00,172.00,87,85,0.00,0.00,0,0
1406987922,s2,0.00,0.00,0.00,0,0,0.00,0.00,0.00,0,0,0.00,0.00,0,0
1406987922,s5-eth1,201416.00,4356.00,205772.00,4356,201416,68.00,66.00,134.00,66,68,0.00,0.00,0,0
1406987922,s5-eth2,4356.00,201416.00,205772.00,201416,4356,66.00,68.00,134.00,68,66,0.00,0.00,0,0
1406987922,total,3668484.00,3698104.00,7366588.00,3698104,3668484,2402.00,2412.00,4814.00,2412,2402,0.00,0.00,0,0
1406987923,s3,0.00,0.00,0.00,0,0,0.00,0.00,0.00,0,0,0.00,0.00,0,0
1406987923,s1-eth1,1223306.00,27324.00,1250630.00,27324,1223306,413.00,414.00,827.00,414,413,0.00,0.00,0,0
1406987923,s1-eth3,21054.00,986346.00,1007400.00,986346,21054,319.00,333.00,652.00,333,319,0.00,0.00,0,0
1406987923,s1-eth2,6204.00,287314.00,293518.00,287314,6204,94.00,97.00,191.00,97,94,0.00,0.00,0,0
1406987923,s4,0.00,0.00,0.00,0,0,0.00,0.00,0.00,0,0,0.00,0.00,0,0
1406987923,s2-eth1,986346.00,21054.00,1007400.00,21054,986346,333.00,319.00,652.00,319,333,0.00,0.00,0,0
1406987923,s2-eth3,15510.00,728652.00,744162.00,728652,15510,235.00,246.00,481.00,246,235,0.00,0.00,0,0
1406987923,s2-eth2,5544.00,260656.00,266200.00,260656,5544,84.00,88.00,172.00,88,84,0.00,0.00,0,0
1406987923,s5,0.00,0.00,0.00,0,0,0.00,0.00,0.00,0,0,0.00,0.00,0,0
1406987923,s3-eth1,728652.00,15510.00,744162.00,15510,728652,246.00,235.00,481.00,235,246,0.00,0.00,0,0
1406987923,s3-eth3,11022.00,521312.00,532334.00,521312,11022,167.00,176.00,343.00,176,167,0.00,0.00,0,0
1406987923,s3-eth2,4488.00,213264.00,217752.00,213264,4488,68.00,72.00,140.00,72,68,0.00,0.00,0,0
1406987923,eth0,0.00,60.00,60.00,60,0,0.00,1.00,1.00,1,0,0.00,0.00,0,0
1406987923,lo,0.00,0.00,0.00,0,0,0.00,0.00,0.00,0,0,0.00,0.00,0,0
1406987923,s1,0.00,0.00,0.00,0,0,0.00,0.00,0.00,0,0,0.00,0.00,0,0
1406987923,s4-eth1,521312.00,11022.00,532334.00,11022,521312,176.00,167.00,343.00,167,176,0.00,0.00,0,0
1406987923,s4-eth3,5874.00,281390.00,287264.00,281390,5874,89.00,95.00,184.00,95,89,0.00,0.00,0,0
1406987923,s4-eth2,5148.00,245846.00,250994.00,245846,5148,78.00,83.00,161.00,83,78,0.00,0.00,0,0
1406987923,s2,0.00,0.00,0.00,0,0,0.00,0.00,0.00,0,0,0.00,0.00,0,0
1406987923,s5-eth1,281390.00,5874.00,287264.00,5874,281390,95.00,89.00,184.00,89,95,0.00,0.00,0,0
1406987923,s5-eth2,5874.00,281390.00,287264.00,281390,5874,89.00,95.00,184.00,95,89,0.00,0.00,0,0
1406987923,total,3821724.00,3887014.00,7708738.00,3887014,3821724,2486.00,2510.00,4996.00,2510,2486,0.00,0.00,0,0
1406987924,s3,0.00,0.00,0.00,0,0,0.00,0.00,0.00,0,0,0.00,0.00,0,0
1406987924,s1-eth1,1217382.00,27126.00,1244508.00,27126,1217382,411.00,411.00,822.00,411,411,0.00,0.00,0,0
1406987924,s1-eth3,21912.00,1081130.00,1103042.00,1081130,21912,332.00,365.00,697.00,365,332,0.00,0.00,0,0
1406987924,s1-eth2,5280.00,257694.00,262974.00,257694,5280,80.00,87.00,167.00,87,80,0.00,0.00,0,0
1406987924,s4,0.00,0.00,0.00,0,0,0.00,0.00,0.00,0,0,0.00,0.00,0,0
1406987924,s2-eth1,1081130.00,21912.00,1103042.00,21912,1081130,365.00,332.00,697.00,332,365,0.00,0.00,0,0
1406987924,s2-eth3,16698.00,835284.00,851982.00,835284,16698,253.00,282.00,535.00,282,253,0.00,0.00,0,0
1406987924,s2-eth2,5148.00,248808.00,253956.00,248808,5148,78.00,84.00,162.00,84,78,0.00,0.00,0,0
1406987924,s5,0.00,0.00,0.00,0,0,0.00,0.00,0.00,0,0,0.00,0.00,0,0
1406987924,s3-eth1,835284.00,16698.00,851982.00,16698,835284,282.00,253.00,535.00,253,282,0.00,0.00,0,0
1406987924,s3-eth3,11418.00,568704.00,580122.00,568704,11418,173.00,192.00,365.00,192,173,0.00,0.00,0,0
1406987924,s3-eth2,5346.00,266580.00,271926.00,266580,5346,81.00,90.00,171.00,90,81,0.00,0.00,0,0
1406987924,eth0,0.00,0.00,0.00,0,0,0.00,0.00,0.00,0,0,0.00,0.00,0,0
1406987924,lo,0.00,0.00,0.00,0,0,0.00,0.00,0.00,0,0,0.00,0.00,0,0
1406987924,s1,0.00,0.00,0.00,0,0,0.00,0.00,0.00,0,0,0.00,0.00,0,0
1406987924,s4-eth1,568704.00,11418.00,580122.00,11418,568704,192.00,173.00,365.00,173,192,0.00,0.00,0,0
1406987924,s4-eth3,5148.00,254732.00,259880.00,254732,5148,78.00,86.00,164.00,86,78,0.00,0.00,0,0
1406987924,s4-eth2,6270.00,308048.00,314318.00,308048,6270,95.00,104.00,199.00,104,95,0.00,0.00,0,0
1406987924,s2,0.00,0.00,0.00,0,0,0.00,0.00,0.00,0,0,0.00,0.00,0,0
1406987924,s5-eth1,254732.00,5148.00,259880.00,5148,254732,86.00,78.00,164.00,78,86,0.00,0.00,0,0
1406987924,s5-eth2,5148.00,254732.00,259880.00,254732,5148,78.00,86.00,164.00,86,78,0.00,0.00,0,0
1406987924,total,4039600.00,4158014.00,8197614.00,4158014,4039600,2584.00,2623.00,5207.00,2623,2584,0.00,0.00,0,0
1406987925,s3,0.00,0.00,0.00,0,0,0.00,0.00,0.00,0,0,0.00,0.00,0,0
1406987925,s1-eth1,1230760.00,43302.00,1274062.00,43302,1230760,504.00,503.00,1007.00,503,504,0.00,0.00,0,0
1406987925,s1-eth3,35826.00,971704.00,1007530.00,971704,35826,413.00,528.00,941.00,528,413,0.00,0.00,0,0
1406987925,s1-eth2,7382.00,253160.00,260542.00,253160,7382,89.00,128.00,217.00,128,89,0.00,0.00,0,0
1406987925,s4,0.00,0.00,0.00,0,0,0.00,0.00,0.00,0,0,0.00,0.00,0,0
1406987925,s2-eth1,971704.00,35826.00,1007530.00,35826,971704,528.00,413.00,941.00,413,528,0.00,0.00,0,0
1406987925,s2-eth3,27116.00,757182.00,784298.00,757182,27116,314.00,415.00,729.00,415,314,0.00,0.00,0,0
1406987925,s2-eth2,8682.00,255532.00,264214.00,255532,8682,99.00,142.00,241.00,142,99,0.00,0.00,0,0
1406987925,s5,0.00,0.00,0.00,0,0,0.00,0.00,0.00,0,0,0.00,0.00,0,0
1406987925,s3-eth1,757182.00,27116.00,784298.00,27116,757182,415.00,314.00,729.00,314,415,0.00,0.00,0,0
1406987925,s3-eth3,17114.00,453008.00,470122.00,453008,17114,195.00,260.00,455.00,260,195,0.00,0.00,0,0
1406987925,s3-eth2,9908.00,299764.00,309672.00,299764,9908,118.00,154.00,272.00,154,118,0.00,0.00,0,0
1406987925,eth0,0.00,0.00,0.00,0,0,0.00,0.00,0.00,0,0,0.00,0.00,0,0
1406987925,lo,860.00,860.00,1720.00,860,860,15.00,15.00,30.00,15,15,0.00,0.00,0,0
1406987925,s1,0.00,0.00,0.00,0,0,0.00,0.00,0.00,0,0,0.00,0.00,0,0
1406987925,s4-eth1,453008.00,17208.00,470216.00,17208,453008,260.00,196.00,456.00,196,260,0.00,0.00,0,0
1406987925,s4-eth3,9374.00,263036.00,272410.00,263036,9374,111.00,146.00,257.00,146,111,0.00,0.00,0,0
1406987925,s4-eth2,7740.00,194514.00,202254.00,194514,7740,84.00,117.00,201.00,117,84,0.00,0.00,0,0
1406987925,s2,0.00,0.00,0.00,0,0,0.00,0.00,0.00,0,0,0.00,0.00,0,0
1406987925,s5-eth1,263036.00,9374.00,272410.00,9374,263036,146.00,111.00,257.00,111,146,0.00,0.00,0,0
1406987925,s5-eth2,9374.00,264550.00,273924.00,264550,9374,111.00,147.00,258.00,147,111,0.00,0.00,0,0
1406987925,total,3809066.00,3846136.00,7655202.00,3846136,3809066,3402.00,3589.00,6991.00,3589,3402,0.00,0.00,0,0
1406987926,s3,0.00,0.00,0.00,0,0,0.00,0.00,0.00,0,0,0.00,0.00,0,0
1406987926,s1-eth1,1246864.00,58826.00,1305690.00,58826,1246864,748.00,707.00,1455.00,707,748,0.00,0.00,0,0
1406987926,s1-eth3,56598.00,1153314.00,1209912.00,1153314,56598,683.00,625.00,1308.00,625,683,0.00,0.00,0,0
1406987926,s1-eth2,2256.00,69248.00,71504.00,69248,2256,24.00,40.00,64.00,40,24,0.00,0.00,0,0
1406987926,s4,0.00,0.00,0.00,0,0,0.00,0.00,0.00,0,0,0.00,0.00,0,0
1406987926,s2-eth1,1153314.00,56598.00,1209912.00,56598,1153314,625.00,683.00,1308.00,683,625,0.00,0.00,0,0
1406987926,s2-eth3,41888.00,805696.00,847584.00,805696,41888,502.00,448.00,950.00,448,502,0.00,0.00,0,0
1406987926,s2-eth2,14738.00,309570.00,324308.00,309570,14738,181.00,149.00,330.00,149,181,0.00,0.00,0,0
1406987926,s5,0.00,0.00,0.00,0,0,0.00,0.00,0.00,0,0,0.00,0.00,0,0
1406987926,s3-eth1,805696.00,41954.00,847650.00,41954,805696,448.00,503.00,951.00,503,448,0.00,0.00,0,0
1406987926,s3-eth3,27732.00,562998.00,590730.00,562998,27732,334.00,303.00,637.00,303,334,0.00,0.00,0,0
1406987926,s3-eth2,14250.00,241184.00,255434.00,241184,14250,169.00,144.00,313.00,144,169,0.00,0.00,0,0
1406987926,eth0,0.00,0.00,0.00,0,0,0.00,0.00,0.00,0,0,0.00,0.00,0,0
1406987926,lo,0.00,0.00,0.00,0,0,0.00,0.00,0.00,0,0,0.00,0.00,0,0
1406987926,s1,0.00,0.00,0.00,0,0,0.00,0.00,0.00,0,0,0.00,0.00,0,0
1406987926,s4-eth1,565960.00,27638.00,593598.00,27638,565960,304.00,333.00,637.00,333,304,0.00,0.00,0,0
1406987926,s4-eth3,14686.00,320696.00,335382.00,320696,14686,177.00,164.00,341.00,164,177,0.00,0.00,0,0
1406987926,s4-eth2,13046.00,240722.00,253768.00,240722,13046,157.00,137.00,294.00,137,157,0.00,0.00,0,0
1406987926,s2,0.00,0.00,0.00,0,0,0.00,0.00,0.00,0,0,0.00,0.00,0,0
1406987926,s5-eth1,320696.00,14686.00,335382.00,14686,320696,164.00,177.00,341.00,177,164,0.00,0.00,0,0
1406987926,s5-eth2,14686.00,319182.00,333868.00,319182,14686,177.00,163.00,340.00,163,177,0.00,0.00,0,0
1406987926,total,4292410.00,4222312.00,8514722.00,4222312,4292410,4693.00,4576.00,9269.00,4576,4693,0.00,0.00,0,0
1406987927,s3,0.00,0.00,0.00,0,0,0.00,0.00,0.00,0,0,0.00,0.00,0,0
1406987927,s1-eth1,1225818.00,32482.00,1258300.00,32482,1225818,473.00,471.00,944.00,471,473,0.00,0.00,0,0
1406987927,s1-eth3,23430.00,1087054.00,1110484.00,1087054,23430,355.00,367.00,722.00,367,355,0.00,0.00,0,0
1406987927,s1-eth2,9052.00,234010.00,243062.00,234010,9052,116.00,145.00,261.00,145,116,0.00,0.00,0,0
1406987927,s4,0.00,0.00,0.00,0,0,0.00,0.00,0.00,0,0,0.00,0.00,0,0
1406987927,s2-eth1,1087054.00,23430.00,1110484.00,23430,1087054,367.00,355.00,722.00,355,367,0.00,0.00,0,0
1406987927,s2-eth3,16830.00,773082.00,789912.00,773082,16830,255.00,261.00,516.00,261,255,0.00,0.00,0,0
1406987927,s2-eth2,6666.00,305086.00,311752.00,305086,6666,101.00,103.00,204.00,103,101,0.00,0.00,0,0
1406987927,s5,0.00,0.00,0.00,0,0,0.00,0.00,0.00,0,0,0.00,0.00,0,0
1406987927,s3-eth1,773082.00,16764.00,789846.00,16764,773082,261.00,254.00,515.00,254,261,0.00,0.00,0,0
1406987927,s3-eth3,11946.00,553894.00,565840.00,553894,11946,181.00,187.00,368.00,187,181,0.00,0.00,0,0
1406987927,s3-eth2,4818.00,219188.00,224006.00,219188,4818,73.00,74.00,147.00,74,73,0.00,0.00,0,0
1406987927,eth0,0.00,0.00,0.00,0,0,0.00,0.00,0.00,0,0,0.00,0.00,0,0
1406987927,lo,0.00,0.00,0.00,0,0,0.00,0.00,0.00,0,0,0.00,0.00,0,0
1406987927,s1,0.00,0.00,0.00,0,0,0.00,0.00,0.00,0,0,0.00,0.00,0,0
1406987927,s4-eth1,550932.00,11946.00,562878.00,11946,550932,186.00,181.00,367.00,181,186,0.00,0.00,0,0
1406987927,s4-eth3,7194.00,331744.00,338938.00,331744,7194,109.00,112.00,221.00,112,109,0.00,0.00,0,0
1406987927,s4-eth2,4752.00,219188.00,223940.00,219188,4752,72.00,74.00,146.00,74,72,0.00,0.00,0,0
1406987927,s2,0.00,0.00,0.00,0,0,0.00,0.00,0.00,0,0,0.00,0.00,0,0
1406987927,s5-eth1,331744.00,7194.00,338938.00,7194,331744,112.00,109.00,221.00,109,112,0.00,0.00,0,0
1406987927,s5-eth2,7194.00,331744.00,338938.00,331744,7194,109.00,112.00,221.00,112,109,0.00,0.00,0,0
1406987927,total,4060512.00,4146806.00,8207318.00,4146806,4060512,2770.00,2805.00,5575.00,2805,2770,0.00,0.00,0,0
1406987928,s3,0.00,0.00,0.00,0,0,0.00,0.00,0.00,0,0,0.00,0.00,0,0
1406987928,s1-eth1,1225546.00,27324.00,1252870.00,27324,1225546,425.00,414.00,839.00,414,425,0.00,0.00,0,0
1406987928,s1-eth3,21780.00,971536.00,993316.00,971536,21780,330.00,328.00,658.00,328,330,0.00,0.00,0,0
1406987928,s1-eth2,5544.00,254732.00,260276.00,254732,5544,84.00,86.00,170.00,86,84,0.00,0.00,0,0
1406987928,s4,0.00,0.00,0.00,0,0,0.00,0.00,0.00,0,0,0.00,0.00,0,0
1406987928,s2-eth1,971536.00,21780.00,993316.00,21780,971536,328.00,330.00,658.00,330,328,0.00,0.00,0,0
1406987928,s2-eth3,15246.00,684222.00,699468.00,684222,15246,231.00,231.00,462.00,231,231,0.00,0.00,0,0
1406987928,s2-eth2,6534.00,290276.00,296810.00,290276,6534,99.00,98.00,197.00,98,99,0.00,0.00,0,0
1406987928,s5,0.00,0.00,0.00,0,0,0.00,0.00,0.00,0,0,0.00,0.00,0,0
1406987928,s3-eth1,684222.00,15246.00,699468.00,15246,684222,231.00,231.00,462.00,231,231,0.00,0.00,0,0
1406987928,s3-eth3,10428.00,465034.00,475462.00,465034,10428,158.00,157.00,315.00,157,158,0.00,0.00,0,0
1406987928,s3-eth2,4884.00,219188.00,224072.00,219188,4884,74.00,74.00,148.00,74,74,0.00,0.00,0,0
1406987928,eth0,0.00,0.00,0.00,0,0,0.00,0.00,0.00,0,0,0.00,0.00,0,0
1406987928,lo,0.00,0.00,0.00,0,0,0.00,0.00,0.00,0,0,0.00,0.00,0,0
1406987928,s1,0.00,0.00,0.00,0,0,0.00,0.00,0.00,0,0,0.00,0.00,0,0
1406987928,s4-eth1,465034.00,10428.00,475462.00,10428,465034,157.00,158.00,315.00,158,157,0.00,0.00,0,0
1406987928,s4-eth3,6270.00,281390.00,287660.00,281390,6270,95.00,95.00,190.00,95,95,0.00,0.00,0,0
1406987928,s4-eth2,4158.00,186606.00,190764.00,186606,4158,63.00,63.00,126.00,63,63,0.00,0.00,0,0
1406987928,s2,0.00,0.00,0.00,0,0,0.00,0.00,0.00,0,0,0.00,0.00,0,0
1406987928,s5-eth1,281390.00,6270.00,287660.00,6270,281390,95.00,95.00,190.00,95,95,0.00,0.00,0,0
1406987928,s5-eth2,6270.00,281390.00,287660.00,281390,6270,95.00,95.00,190.00,95,95,0.00,0.00,0,0
1406987928,total,3708842.00,3715422.00,7424264.00,3715422,3708842,2465.00,2455.00,4920.00,2455,2465,0.00,0.00,0,0
1406987929,s3,0.00,0.00,0.00,0,0,0.00,0.00,0.00,0,0,0.00,0.00,0,0
1406987929,s1-eth1,1223306.00,27258.00,1250564.00,27258,1223306,413.00,413.00,826.00,413,413,0.00,0.00,0,0
1406987929,s1-eth3,20460.00,921182.00,941642.00,921182,20460,310.00,311.00,621.00,311,310,0.00,0.00,0,0
1406987929,s1-eth2,6798.00,311010.00,317808.00,311010,6798,103.00,105.00,208.00,105,103,0.00,0.00,0,0
1406987929,s4,0.00,0.00,0.00,0,0,0.00,0.00,0.00,0,0,0.00,0.00,0,0
1406987929,s2-eth1,921182.00,20460.00,941642.00,20460,921182,311.00,310.00,621.00,310,311,0.00,0.00,0,0
1406987929,s2-eth3,14850.00,663488.00,678338.00,663488,14850,225.00,224.00,449.00,224,225,0.00,0.00,0,0
1406987929,s2-eth2,5610.00,254732.00,260342.00,254732,5610,85.00,86.00,171.00,86,85,0.00,0.00,0,0
1406987929,s5,0.00,0.00,0.00,0,0,0.00,0.00,0.00,0,0,0.00,0.00,0,0
1406987929,s3-eth1,663488.00,14850.00,678338.00,14850,663488,224.00,225.00,449.00,225,224,0.00,0.00,0,0
1406987929,s3-eth3,10692.00,479844.00,490536.00,479844,10692,162.00,162.00,324.00,162,162,0.00,0.00,0,0
1406987929,s3-eth2,4092.00,183644.00,187736.00,183644,4092,62.00,62.00,124.00,62,62,0.00,0.00,0,0
1406987929,eth0,0.00,0.00,0.00,0,0,0.00,0.00,0.00,0,0,0.00,0.00,0,0
1406987929,lo,0.00,0.00,0.00,0,0,0.00,0.00,0.00,0,0,0.00,0.00,0,0
1406987929,s1,0.00,0.00,0.00,0,0,0.00,0.00,0.00,0,0,0.00,0.00,0,0
1406987929,s4-eth1,479844.00,10692.00,490536.00,10692,479844,162.00,162.00,324.00,162,162,0.00,0.00,0,0
1406987929,s4-eth3,6204.00,278428.00,284632.00,278428,6204,94.00,94.00,188.00,94,94,0.00,0.00,0,0
1406987929,s4-eth2,4488.00,201416.00,205904.00,201416,4488,68.00,68.00,136.00,68,68,0.00,0.00,0,0
1406987929,s2,0.00,0.00,0.00,0,0,0.00,0.00,0.00,0,0,0.00,0.00,0,0
1406987929,s5-eth1,278428.00,6204.00,284632.00,6204,278428,94.00,94.00,188.00,94,94,0.00,0.00,0,0
1406987929,s5-eth2,6204.00,278428.00,284632.00,278428,6204,94.00,94.00,188.00,94,94,0.00,0.00,0,0
1406987929,total,3645646.00,3651636.00,7297282.00,3651636,3645646,2407.00,2410.00,4817.00,2410,2407,0.00,0.00,0,0
1406987930,s3,0.00,0.00,0.00,0,0,0.00,0.00,0.00,0,0,0.00,0.00,0,0
1406987930,s1-eth1,1223306.00,27258.00,1250564.00,27258,1223306,413.00,413.00,826.00,413,413,0.00,0.00,0,0
1406987930,s1-eth3,21516.00,980422.00,1001938.00,980422,21516,326.00,331.00,657.00,331,326,0.00,0.00,0,0
1406987930,s1-eth2,5742.00,257694.00,263436.00,257694,5742,87.00,87.00,174.00,87,87,0.00,0.00,0,0
1406987930,s4,0.00,0.00,0.00,0,0,0.00,0.00,0.00,0,0,0.00,0.00,0,0
1406987930,s2-eth1,980422.00,21516.00,1001938.00,21516,980422,331.00,326.00,657.00,326,331,0.00,0.00,0,0
1406987930,s2-eth3,14784.00,675336.00,690120.00,675336,14784,224.00,228.00,452.00,228,224,0.00,0.00,0,0
1406987930,s2-eth2,6732.00,305086.00,311818.00,305086,6732,102.00,103.00,205.00,103,102,0.00,0.00,0,0
1406987930,s5,0.00,0.00,0.00,0,0,0.00,0.00,0.00,0,0,0.00,0.00,0,0
1406987930,s3-eth1,675336.00,14784.00,690120.00,14784,675336,228.00,224.00,452.00,224,228,0.00,0.00,0,0
1406987930,s3-eth3,10164.00,462072.00,472236.00,462072,10164,154.00,156.00,310.00,156,154,0.00,0.00,0,0
1406987930,s3-eth2,4686.00,213264.00,217950.00,213264,4686,71.00,72.00,143.00,72,71,0.00,0.00,0,0
1406987930,eth0,0.00,0.00,0.00,0,0,0.00,0.00,0.00,0,0,0.00,0.00,0,0
1406987930,lo,860.00,860.00,1720.00,860,860,15.00,15.00,30.00,15,15,0.00,0.00,0,0
1406987930,s1,0.00,0.00,0.00,0,0,0.00,0.00,0.00,0,0,0.00,0.00,0,0
1406987930,s4-eth1,462072.00,10164.00,472236.00,10164,462072,156.00,154.00,310.00,154,156,0.00,0.00,0,0
1406987930,s4-eth3,6270.00,284352.00,290622.00,284352,6270,95.00,96.00,191.00,96,95,0.00,0.00,0,0
1406987930,s4-eth2,3828.00,174758.00,178586.00,174758,3828,58.00,59.00,117.00,59,58,0.00,0.00,0,0
1406987930,s2,0.00,0.00,0.00,0,0,0.00,0.00,0.00,0,0,0.00,0.00,0,0
1406987930,s5-eth1,284352.00,6270.00,290622.00,6270,284352,96.00,95.00,191.00,95,96,0.00,0.00,0,0
1406987930,s5-eth2,6270.00,284352.00,290622.00,284352,6270,95.00,96.00,191.00,96,95,0.00,0.00,0,0
1406987930,total,3702637.50,3714473.75,7417111.00,3718188,3706340,2448.55,2452.55,4901.10,2455,2451,0.00,0.00,0,0
1406987931,s3,0.00,0.00,0.00,0,0,0.00,0.00,0.00,0,0,0.00,0.00,0,0
1406987931,s1-eth1,1223306.00,27258.00,1250564.00,27258,1223306,413.00,413.00,826.00,413,413,0.00,0.00,0,0
1406987931,s1-eth3,20658.00,950802.00,971460.00,950802,20658,313.00,321.00,634.00,321,313,0.00,0.00,0,0
1406987931,s1-eth2,6666.00,299162.00,305828.00,299162,6666,101.00,101.00,202.00,101,101,0.00,0.00,0,0
1406987931,s4,0.00,0.00,0.00,0,0,0.00,0.00,0.00,0,0,0.00,0.00,0,0
1406987931,s2-eth1,950802.00,20658.00,971460.00,20658,950802,321.00,313.00,634.00,313,321,0.00,0.00,0,0
1406987931,s2-eth3,15114.00,701994.00,717108.00,701994,15114,229.00,237.00,466.00,237,229,0.00,0.00,0,0
1406987931,s2-eth2,5478.00,251770.00,257248.00,251770,5478,83.00,85.00,168.00,85,83,0.00,0.00,0,0
1406987931,s5,0.00,0.00,0.00,0,0,0.00,0.00,0.00,0,0,0.00,0.00,0,0
1406987931,s3-eth1,701994.00,15114.00,717108.00,15114,701994,237.00,229.00,466.00,229,237,0.00,0.00,0,0
1406987931,s3-eth3,10890.00,506502.00,517392.00,506502,10890,165.00,171.00,336.00,171,165,0.00,0.00,0,0
1406987931,s3-eth2,4224.00,195492.00,199716.00,195492,4224,64.00,66.00,130.00,66,64,0.00,0.00,0,0
1406987931,eth0,0.00,0.00,0.00,0,0,0.00,0.00,0.00,0,0,0.00,0.00,0,0
1406987931,lo,0.00,0.00,0.00,0,0,0.00,0.00,0.00,0,0,0.00,0.00,0,0
1406987931,s1,0.00,0.00,0.00,0,0,0.00,0.00,0.00,0,0,0.00,0.00,0,0
1406987931,s4-eth1,506502.00,10890.00,517392.00,10890,506502,171.00,165.00,336.00,165,171,0.00,0.00,0,0
1406987931,s4-eth3,6402.00,293238.00,299640.00,293238,6402,97.00,99.00,196.00,99,97,0.00,0.00,0,0
1406987931,s4-eth2,4554.00,213264.00,217818.00,213264,4554,69.00,72.00,141.00,72,69,0.00,0.00,0,0
1406987931,s2,0.00,0.00,0.00,0,0,0.00,0.00,0.00,0,0,0.00,0.00,0,0
1406987931,s5-eth1,293238.00,6402.00,299640.00,6402,293238,99.00,97.00,196.00,97,99,0.00,0.00,0,0
1406987931,s5-eth2,6402.00,293238.00,299640.00,293238,6402,97.00,99.00,196.00,99,97,0.00,0.00,0,0
1406987931,total,3756230.00,3785784.00,7542014.00,3785784,3756230,2459.00,2468.00,4927.00,2468,2459,0.00,0.00,0,0
1406987932,s3,0.00,0.00,0.00,0,0,0.00,0.00,0.00,0,0,0.00,0.00,0,0
1406987932,s1-eth1,1226268.00,27258.00,1253526.00,27258,1226268,414.00,413.00,827.00,413,414,0.00,0.00,0,0
1406987932,s1-eth3,21714.00,1021890.00,1043604.00,1021890,21714,329.00,345.00,674.00,345,329,0.00,0.00,0,0
1406987932,s1-eth2,5544.00,251770.00,257314.00,251770,5544,84.00,85.00,169.00,85,84,0.00,0.00,0,0
1406987932,s4,0.00,0.00,0.00,0,0,0.00,0.00,0.00,0,0,0.00,0.00,0,0
1406987932,s2-eth1,1021890.00,21714.00,1043604.00,21714,1021890,345.00,329.00,674.00,329,345,0.00,0.00,0,0
1406987932,s2-eth3,15642.00,734576.00,750218.00,734576,15642,237.00,248.00,485.00,248,237,0.00,0.00,0,0
1406987932,s2-eth2,6072.00,284352.00,290424.00,284352,6072,92.00,96.00,188.00,96,92,0.00,0.00,0,0
1406987932,s5,0.00,0.00,0.00,0,0,0.00,0.00,0.00,0,0,0.00,0.00,0,0
1406987932,s3-eth1,734576.00,15642.00,750218.00,15642,734576,248.00,237.00,485.00,237,248,0.00,0.00,0,0
1406987932,s3-eth3,11022.00,521312.00,532334.00,521312,11022,167.00,176.00,343.00,176,167,0.00,0.00,0,0
1406987932,s3-eth2,4620.00,216226.00,220846.00,216226,4620,70.00,73.00,143.00,73,70,0.00,0.00,0,0
1406987932,eth0,0.00,0.00,0.00,0,0,0.00,0.00,0.00,0,0,0.00,0.00,0,0
1406987932,lo,0.00,0.00,0.00,0,0,0.00,0.00,0.00,0,0,0.00,0.00,0,0
1406987932,s1,0.00,0.00,0.00,0,0,0.00,0.00,0.00,0,0,0.00,0.00,0,0
1406987932,s4-eth1,521312.00,11022.00,532334.00,11022,521312,176.00,167.00,343.00,167,176,0.00,0.00,0,0
1406987932,s4-eth3,6402.00,299162.00,305564.00,299162,6402,97.00,101.00,198.00,101,97,0.00,0.00,0,0
1406987932,s4-eth2,4620.00,222150.00,226770.00,222150,4620,70.00,75.00,145.00,75,70,0.00,0.00,0,0
1406987932,s2,0.00,0.00,0.00,0,0,0.00,0.00,0.00,0,0,0.00,0.00,0,0
1406987932,s5-eth1,299162.00,6402.00,305564.00,6402,299162,101.00,97.00,198.00,97,101,0.00,0.00,0,0
1406987932,s5-eth2,6402.00,302124.00,308526.00,302124,6402,97.00,102.00,199.00,102,97,0.00,0.00,0,0
1406987932,total,3885246.00,3935600.00,7820846.00,3935600,3885246,2527.00,2544.00,5071.00,2544,2527,0.00,0.00,0,0
1406987933,s3,0.00,0.00,0.00,0,0,0.00,0.00,0.00,0,0,0.00,0.00,0,0
1406987933,s1-eth1,1223306.00,27258.00,1250564.00,27258,1223306,413.00,413.00,826.00,413,413,0.00,0.00,0,0
1406987933,s1-eth3,22638.00,1122598.00,1145236.00,1122598,22638,343.00,379.00,722.00,379,343,0.00,0.00,0,0
1406987933,s1-eth2,4620.00,213264.00,217884.00,213264,4620,70.00,72.00,142.00,72,70,0.00,0.00,0,0
1406987933,s4,0.00,0.00,0.00,0,0,0.00,0.00,0.00,0,0,0.00,0.00,0,0
1406987933,s2-eth1,1122598.00,22638.00,1145236.00,22638,1122598,379.00,343.00,722.00,343,379,0.00,0.00,0,0
1406987933,s2-eth3,15906.00,796778.00,812684.00,796778,15906,241.00,269.00,510.00,269,241,0.00,0.00,0,0
1406987933,s2-eth2,6798.00,331744.00,338542.00,331744,6798,103.00,112.00,215.00,112,103,0.00,0.00,0,0
1406987933,s5,0.00,0.00,0.00,0,0,0.00,0.00,0.00,0,0,0.00,0.00,0,0
1406987933,s3-eth1,796778.00,15906.00,812684.00,15906,796778,269.00,241.00,510.00,241,269,0.00,0.00,0,0
1406987933,s3-eth3,10560.00,524274.00,534834.00,524274,10560,160.00,177.00,337.00,177,160,0.00,0.00,0,0
1406987933,s3-eth2,5346.00,269542.00,274888.00,269542,5346,81.00,91.00,172.00,91,81,0.00,0.00,0,0
1406987933,eth0,0.00,0.00,0.00,0,0,0.00,0.00,0.00,0,0,0.00,0.00,0,0
1406987933,lo,0.00,0.00,0.00,0,0,0.00,0.00,0.00,0,0,0.00,0.00,0,0
1406987933,s1,0.00,0.00,0.00,0,0,0.00,0.00,0.00,0,0,0.00,0.00,0,0
1406987933,s4-eth1,524274.00,10560.00,534834.00,10560,524274,177.00,160.00,337.00,160,177,0.00,0.00,0,0
1406987933,s4-eth3,5874.00,290276.00,296150.00,290276,5874,89.00,98.00,187.00,98,89,0.00,0.00,0,0
1406987933,s4-eth2,4686.00,233998.00,238684.00,233998,4686,71.00,79.00,150.00,79,71,0.00,0.00,0,0
1406987933,s2,0.00,0.00,0.00,0,0,0.00,0.00,0.00,0,0,0.00,0.00,0,0
1406987933,s5-eth1,290276.00,5874.00,296150.00,5874,290276,98.00,89.00,187.00,89,98,0.00,0.00,0,0
1406987933,s5-eth2,5874.00,287314.00,293188.00,287314,5874,89.00,97.00,186.00,97,89,0.00,0.00,0,0
1406987933,total,4039534.00,4152024.00,8191558.00,4152024,4039534,2583.00,2620.00,5203.00,2620,2583,0.00,0.00,0,0
1406987934,s3,0.00,0.00,0.00,0,0,0.00,0.00,0.00,0,0,0.00,0.00,0,0
1406987934,s1-eth1,1223306.00,27702.00,1251008.00,27702,1223306,413.00,413.00,826.00,413,413,0.00,0.00,0,0
1406987934,s1-eth3,22764.00,1124904.00,1147668.00,1124904,22764,340.00,392.00,732.00,392,340,0.00,0.00,0,0
1406987934,s1-eth2,4938.00,225508.00,230446.00,225508,4938,73.00,82.00,155.00,82,73,0.00,0.00,0,0
1406987934,s4,0.00,0.00,0.00,0,0,0.00,0.00,0.00,0,0,0.00,0.00,0,0
1406987934,s2-eth1,1124904.00,22764.00,1147668.00,22764,1124904,392.00,340.00,732.00,340,392,0.00,0.00,0,0
1406987934,s2-eth3,16722.00,821134.00,837856.00,821134,16722,249.00,287.00,536.00,287,249,0.00,0.00,0,0
1406987934,s2-eth2,5976.00,297846.00,303822.00,297846,5976,90.00,103.00,193.00,103,90,0.00,0.00,0,0
1406987934,s5,0.00,0.00,0.00,0,0,0.00,0.00,0.00,0,0,0.00,0.00,0,0
1406987934,s3-eth1,821134.00,16788.00,837922.00,16788,821134,287.00,250.00,537.00,250,287,0.00,0.00,0,0
1406987934,s3-eth3,11706.00,563440.00,575146.00,563440,11706,173.00,200.00,373.00,200,173,0.00,0.00,0,0
1406987934,s3-eth2,5016.00,257694.00,262710.00,257694,5016,76.00,87.00,163.00,87,76,0.00,0.00,0,0
1406987934,eth0,0.00,0.00,0.00,0,0,0.00,0.00,0.00,0,0,0.00,0.00,0,0
1406987934,lo,0.00,0.00,0.00,0,0,0.00,0.00,0.00,0,0,0.00,0.00,0,0
1406987934,s1,0.00,0.00,0.00,0,0,0.00,0.00,0.00,0,0,0.00,0.00,0,0
1406987934,s4-eth1,563440.00,11706.00,575146.00,11706,563440,200.00,173.00,373.00,173,200,0.00,0.00,0,0
1406987934,s4-eth3,6342.00,298044.00,304386.00,298044,6342,93.00,106.00,199.00,106,93,0.00,0.00,0,0
1406987934,s4-eth2,5364.00,265396.00,270760.00,265396,5364,80.00,94.00,174.00,94,80,0.00,0.00,0,0
1406987934,s2,0.00,0.00,0.00,0,0,0.00,0.00,0.00,0,0,0.00,0.00,0,0
1406987934,s5-eth1,298044.00,6342.00,304386.00,6342,298044,106.00,93.00,199.00,93,106,0.00,0.00,0,0
1406987934,s5-eth2,6342.00,298044.00,304386.00,298044,6342,93.00,106.00,199.00,106,93,0.00,0.00,0,0
1406987934,total,4115998.00,4237312.00,8353310.00,4237312,4115998,2665.00,2726.00,5391.00,2726,2665,0.00,0.00,0,0
1406987935,s3,0.00,0.00,0.00,0,0,0.00,0.00,0.00,0,0,0.00,0.00,0,0
1406987935,s1-eth1,1231824.00,51426.00,1283250.00,51426,1231824,564.00,565.00,1129.00,565,564,0.00,0.00,0,0
1406987935,s1-eth3,46370.00,1044248.00,1090618.00,1044248,46370,509.00,596.00,1105.00,596,509,0.00,0.00,0,0
1406987935,s1-eth2,5056.00,142118.00,147174.00,142118,5056,56.00,91.00,147.00,91,56,0.00,0.00,0,0
1406987935,s4,0.00,0.00,0.00,0,0,0.00,0.00,0.00,0,0,0.00,0.00,0,0
1406987935,s2-eth1,1044248.00,46370.00,1090618.00,46370,1044248,596.00,509.00,1105.00,509,596,0.00,0.00,0,0
1406987935,s2-eth3,34500.00,786938.00,821438.00,786938,34500,382.00,449.00,831.00,449,382,0.00,0.00,0,0
1406987935,s2-eth2,11842.00,263366.00,275208.00,263366,11842,127.00,151.00,278.00,151,127,0.00,0.00,0,0
1406987935,s5,0.00,0.00,0.00,0,0,0.00,0.00,0.00,0,0,0.00,0.00,0,0
1406987935,s3-eth1,786938.00,34434.00,821372.00,34434,786938,449.00,381.00,830.00,381,449,0.00,0.00,0,0
1406987935,s3-eth3,21946.00,444254.00,466200.00,444254,21946,239.00,259.00,498.00,259,239,0.00,0.00,0,0
1406987935,s3-eth2,12554.00,342684.00,355238.00,342684,12554,143.00,190.00,333.00,190,143,0.00,0.00,0,0
1406987935,eth0,0.00,0.00,0.00,0,0,0.00,0.00,0.00,0,0,0.00,0.00,0,0
1406987935,lo,860.00,860.00,1720.00,860,860,15.00,15.00,30.00,15,15,0.00,0.00,0,0
1406987935,s1,0.00,0.00,0.00,0,0,0.00,0.00,0.00,0,0,0.00,0.00,0,0
1406987935,s4-eth1,444254.00,21946.00,466200.00,21946,444254,259.00,239.00,498.00,239,259,0.00,0.00,0,0
1406987935,s4-eth3,9964.00,204452.00,214416.00,204452,9964,106.00,114.00,220.00,114,106,0.00,0.00,0,0
1406987935,s4-eth2,11982.00,239802.00,251784.00,239802,11982,133.00,145.00,278.00,145,133,0.00,0.00,0,0
1406987935,s2,0.00,0.00,0.00,0,0,0.00,0.00,0.00,0,0,0.00,0.00,0,0
1406987935,s5-eth1,204452.00,9964.00,214416.00,9964,204452,114.00,106.00,220.00,106,114,0.00,0.00,0,0
1406987935,s5-eth2,9964.00,204452.00,214416.00,204452,9964,106.00,114.00,220.00,114,106,0.00,0.00,0,0
1406987935,total,3876754.00,3837314.00,7714068.00,3837314,3876754,3798.00,3924.00,7722.00,3924,3798,0.00,0.00,0,0
1406987936,s3,0.00,0.00,0.00,0,0,0.00,0.00,0.00,0,0,0.00,0.00,0,0
1406987936,s1-eth1,1239694.00,45934.00,1285628.00,45934,1239694,619.00,585.00,1204.00,585,619,0.00,0.00,0,0
1406987936,s1-eth3,38422.00,1102564.00,1140986.00,1102564,38422,501.00,450.00,951.00,450,501,0.00,0.00,0,0
1406987936,s1-eth2,7512.00,186614.00,194126.00,186614,7512,84.00,107.00,191.00,107,84,0.00,0.00,0,0
1406987936,s4,0.00,0.00,0.00,0,0,0.00,0.00,0.00,0,0,0.00,0.00,0,0
1406987936,s2-eth1,1102564.00,38422.00,1140986.00,38422,1102564,450.00,501.00,951.00,501,450,0.00,0.00,0,0
1406987936,s2-eth3,30212.00,832692.00,862904.00,832692,30212,394.00,354.00,748.00,354,394,0.00,0.00,0,0
1406987936,s2-eth2,8238.00,263816.00,272054.00,263816,8238,107.00,92.00,199.00,92,107,0.00,0.00,0,0
1406987936,s5,0.00,0.00,0.00,0,0,0.00,0.00,0.00,0,0,0.00,0.00,0,0
1406987936,s3-eth1,832692.00,30212.00,862904.00,30212,832692,354.00,394.00,748.00,394,354,0.00,0.00,0,0
1406987936,s3-eth3,19612.00,536224.00,555836.00,536224,19612,248.00,228.00,476.00,228,248,0.00,0.00,0,0
1406987936,s3-eth2,10600.00,296468.00,307068.00,296468,10600,146.00,126.00,272.00,126,146,0.00,0.00,0,0
1406987936,eth0,0.00,0.00,0.00,0,0,0.00,0.00,0.00,0,0,0.00,0.00,0,0
1406987936,lo,0.00,0.00,0.00,0,0,0.00,0.00,0.00,0,0,0.00,0.00,0,0
1406987936,s1,0.00,0.00,0.00,0,0,0.00,0.00,0.00,0,0,0.00,0.00,0,0
1406987936,s4-eth1,536224.00,19612.00,555836.00,19612,536224,228.00,248.00,476.00,248,228,0.00,0.00,0,0
1406987936,s4-eth3,9798.00,322164.00,331962.00,322164,9798,121.00,122.00,243.00,122,121,0.00,0.00,0,0
1406987936,s4-eth2,9814.00,214060.00,223874.00,214060,9814,127.00,106.00,233.00,106,127,0.00,0.00,0,0
1406987936,s2,0.00,0.00,0.00,0,0,0.00,0.00,0.00,0,0,0.00,0.00,0,0
1406987936,s5-eth1,322164.00,9798.00,331962.00,9798,322164,122.00,121.00,243.00,121,122,0.00,0.00,0,0
1406987936,s5-eth2,9798.00,322164.00,331962.00,322164,9798,121.00,122.00,243.00,122,121,0.00,0.00,0,0
1406987936,total,4177344.00,4220744.00,8398088.00,4220744,4177344,3622.00,3556.00,7178.00,3556,3622,0.00,0.00,0,0
1406987937,s3,0.00,0.00,0.00,0,0,0.00,0.00,0.00,0,0,0.00,0.00,0,0
1406987937,s1-eth1,1223900.00,27324.00,1251224.00,27324,1223900,422.00,414.00,836.00,414,422,0.00,0.00,0,0
1406987937,s1-eth3,23364.00,1072244.00,1095608.00,1072244,23364,354.00,362.00,716.00,362,354,0.00,0.00,0,0
1406987937,s1-eth2,3960.00,183644.00,187604.00,183644,3960,60.00,62.00,122.00,62,60,0.00,0.00,0,0
1406987937,s4,0.00,0.00,0.00,0,0,0.00,0.00,0.00,0,0,0.00,0.00,0,0
1406987937,s2-eth1,1072244.00,23364.00,1095608.00,23364,1072244,362.00,354.00,716.00,354,362,0.00,0.00,0,0
1406987937,s2-eth3,16368.00,752348.00,768716.00,752348,16368,248.00,254.00,502.00,254,248,0.00,0.00,0,0
1406987937,s2-eth2,6996.00,322858.00,329854.00,322858,6996,106.00,109.00,215.00,109,106,0.00,0.00,0,0
1406987937,s5,0.00,0.00,0.00,0,0,0.00,0.00,0.00,0,0,0.00,0.00,0,0
1406987937,s3-eth1,752348.00,16368.00,768716.00,16368,752348,254.00,248.00,502.00,248,254,0.00,0.00,0,0
1406987937,s3-eth3,10560.00,482806.00,493366.00,482806,10560,160.00,163.00,323.00,163,160,0.00,0.00,0,0
1406987937,s3-eth2,5808.00,269542.00,275350.00,269542,5808,88.00,91.00,179.00,91,88,0.00,0.00,0,0
1406987937,eth0,0.00,0.00,0.00,0,0,0.00,0.00,0.00,0,0,0.00,0.00,0,0
1406987937,lo,0.00,0.00,0.00,0,0,0.00,0.00,0.00,0,0,0.00,0.00,0,0
1406987937,s1,0.00,0.00,0.00,0,0,0.00,0.00,0.00,0,0,0.00,0.00,0,0
1406987937,s4-eth1,482806.00,10560.00,493366.00,10560,482806,163.00,160.00,323.00,160,163,0.00,0.00,0,0
1406987937,s4-eth3,6402.00,290276.00,296678.00,290276,6402,97.00,98.00,195.00,98,97,0.00,0.00,0,0
1406987937,s4-eth2,4158.00,192530.00,196688.00,192530,4158,63.00,65.00,128.00,65,63,0.00,0.00,0,0
1406987937,s2,0.00,0.00,0.00,0,0,0.00,0.00,0.00,0,0,0.00,0.00,0,0
1406987937,s5-eth1,290276.00,6402.00,296678.00,6402,290276,98.00,97.00,195.00,97,98,0.00,0.00,0,0
1406987937,s5-eth2,6336.00,293238.00,299574.00,293238,6336,96.00,99.00,195.00,99,96,0.00,0.00,0,0
1406987937,total,3905526.00,3943504.00,7849030.00,3943504,3905526,2571.00,2576.00,5147.00,2576,2571,0.00,0.00,0,0
1406987938,s3,0.00,0.00,0.00,0,0,0.00,0.00,0.00,0,0,0.00,0.00,0,0
1406987938,s1-eth1,1223306.00,27258.00,1250564.00,27258,1223306,413.00,413.00,826.00,413,413,0.00,0.00,0,0
1406987938,s1-eth3,23034.00,1045586.00,1068620.00,1045586,23034,349.00,353.00,702.00,353,349,0.00,0.00,0,0
1406987938,s1-eth2,4224.00,192530.00,196754.00,192530,4224,64.00,65.00,129.00,65,64,0.00,0.00,0,0
1406987938,s4,0.00,0.00,0.00,0,0,0.00,0.00,0.00,0,0,0.00,0.00,0,0
1406987938,s2-eth1,1045586.00,23034.00,1068620.00,23034,1045586,353.00,349.00,702.00,349,353,0.00,0.00,0,0
1406987938,s2-eth3,16962.00,764196.00,781158.00,764196,16962,257.00,258.00,515.00,258,257,0.00,0.00,0,0
1406987938,s2-eth2,6138.00,278428.00,284566.00,278428,6138,93.00,94.00,187.00,94,93,0.00,0.00,0,0
1406987938,s5,0.00,0.00,0.00,0,0,0.00,0.00,0.00,0,0,0.00,0.00,0,0
1406987938,s3-eth1,764196.00,16962.00,781158.00,16962,764196,258.00,257.00,515.00,257,258,0.00,0.00,0,0
1406987938,s3-eth3,10824.00,491692.00,502516.00,491692,10824,164.00,166.00,330.00,166,164,0.00,0.00,0,0
1406987938,s3-eth2,6072.00,275466.00,281538.00,275466,6072,92.00,93.00,185.00,93,92,0.00,0.00,0,0
1406987938,eth0,0.00,0.00,0.00,0,0,0.00,0.00,0.00,0,0,0.00,0.00,0,0
1406987938,lo,0.00,0.00,0.00,0,0,0.00,0.00,0.00,0,0,0.00,0.00,0,0
1406987938,s1,0.00,0.00,0.00,0,0,0.00,0.00,0.00,0,0,0.00,0.00,0,0
1406987938,s4-eth1,491692.00,10824.00,502516.00,10824,491692,166.00,164.00,330.00,164,166,0.00,0.00,0,0
1406987938,s4-eth3,6798.00,311010.00,317808.00,311010,6798,103.00,105.00,208.00,105,103,0.00,0.00,0,0
1406987938,s4-eth2,4026.00,180682.00,184708.00,180682,4026,61.00,61.00,122.00,61,61,0.00,0.00,0,0
1406987938,s2,0.00,0.00,0.00,0,0,0.00,0.00,0.00,0,0,0.00,0.00,0,0
1406987938,s5-eth1,311010.00,6798.00,317808.00,6798,311010,105.00,103.00,208.00,103,105,0.00,0.00,0,0
1406987938,s5-eth2,6798.00,308048.00,314846.00,308048,6798,103.00,104.00,207.00,104,103,0.00,0.00,0,0
1406987938,total,3920666.00,3932514.00,7853180.00,3932514,3920666,2581.00,2585.00,5166.00,2585,2581,0.00,0.00,0,0
1406987939,s3,0.00,0.00,0.00,0,0,0.00,0.00,0.00,0,0,0.00,0.00,0,0
1406987939,s1-eth1,1223306.00,27324.00,1250630.00,27324,1223306,413.00,414.00,827.00,414,413,0.00,0.00,0,0
1406987939,s1-eth3,22836.00,1027814.00,1050650.00,1027814,22836,346.00,347.00,693.00,347,346,0.00,0.00,0,0
1406987939,s1-eth2,4422.00,198454.00,202876.00,198454,4422,67.00,67.00,134.00,67,67,0.00,0.00,0,0
1406987939,s4,0.00,0.00,0.00,0,0,0.00,0.00,0.00,0,0,0.00,0.00,0,0
1406987939,s2-eth1,1027814.00,22836.00,1050650.00,22836,1027814,347.00,346.00,693.00,346,347,0.00,0.00,0,0
1406987939,s2-eth3,16632.00,749386.00,766018.00,749386,16632,252.00,253.00,505.00,253,252,0.00,0.00,0,0
1406987939,s2-eth2,6204.00,278428.00,284632.00,278428,6204,94.00,94.00,188.00,94,94,0.00,0.00,0,0
1406987939,s5,0.00,0.00,0.00,0,0,0.00,0.00,0.00,0,0,0.00,0.00,0,0
1406987939,s3-eth1,749386.00,16632.00,766018.00,16632,749386,253.00,252.00,505.00,252,253,0.00,0.00,0,0
1406987939,s3-eth3,10428.00,467996.00,478424.00,467996,10428,158.00,158.00,316.00,158,158,0.00,0.00,0,0
1406987939,s3-eth2,6204.00,278428.00,284632.00,278428,6204,94.00,94.00,188.00,94,94,0.00,0.00,0,0
1406987939,eth0,0.00,0.00,0.00,0,0,0.00,0.00,0.00,0,0,0.00,0.00,0,0
1406987939,lo,0.00,0.00,0.00,0,0,0.00,0.00,0.00,0,0,0.00,0.00,0,0
1406987939,s1,0.00,0.00,0.00,0,0,0.00,0.00,0.00,0,0,0.00,0.00,0,0
1406987939,s4-eth1,467996.00,10428.00,478424.00,10428,467996,158.00,158.00,316.00,158,158,0.00,0.00,0,0
1406987939,s4-eth3,6468.00,293238.00,299706.00,293238,6468,98.00,99.00,197.00,99,98,0.00,0.00,0,0
1406987939,s4-eth2,3960.00,177720.00,181680.00,177720,3960,60.00,60.00,120.00,60,60,0.00,0.00,0,0
1406987939,s2,0.00,0.00,0.00,0,0,0.00,0.00,0.00,0,0,0.00,0.00,0,0
1406987939,s5-eth1,293238.00,6468.00,299706.00,6468,293238,99.00,98.00,197.00,98,99,0.00,0.00,0,0
1406987939,s5-eth2,6534.00,293238.00,299772.00,293238,6534,99.00,99.00,198.00,99,99,0.00,0.00,0,0
1406987939,total,3845428.00,3848390.00,7693818.00,3848390,3845428,2538.00,2539.00,5077.00,2539,2538,0.00,0.00,0,0
1406987940,s3,0.00,0.00,0.00,0,0,0.00,0.00,0.00,0,0,0.00,0.00,0,0
1406987940,s1-eth1,1223750.75,27203.14,1250953.88,27720,1247002,413.15,412.17,825.32,420,421,0.00,0.00,0,0
1406987940,s1-eth3,22215.90,1008649.69,1030865.56,1027814,22638,336.60,340.53,677.13,347,343,0.00,0.00,0,0
1406987940,s1-eth2,4728.17,215101.08,219829.25,219188,4818,71.64,72.62,144.26,74,73,0.00,0.00,0,0
1406987940,s4,0.00,0.00,0.00,0,0,0.00,0.00,0.00,0,0,0.00,0.00,0,0
1406987940,s2-eth1,1008649.69,22215.90,1030865.56,22638,1027814,340.53,336.60,677.13,343,347,0.00,0.00,0,0
1406987940,s2-eth3,16127.58,735413.19,751540.75,749386,16434,244.36,248.28,492.64,253,249,0.00,0.00,0,0
1406987940,s2-eth2,6088.32,273236.50,279324.84,278428,6204,92.25,92.25,184.49,94,94,0.00,0.00,0,0
1406987940,s5,0.00,0.00,0.00,0,0,0.00,0.00,0.00,0,0,0.00,0.00,0,0
1406987940,s3-eth1,735413.19,16127.58,751540.75,16434,749386,248.28,244.36,492.64,249,253,0.00,0.00,0,0
1406987940,s3-eth3,9909.72,450549.56,460459.28,459110,10098,150.15,152.11,302.26,155,153,0.00,0.00,0,0
1406987940,s3-eth2,6282.63,284863.59,291146.22,290276,6402,95.19,96.17,191.36,98,97,0.00,0.00,0,0
1406987940,eth0,563.30,690.87,1254.17,704,574,4.91,6.87,11.78,7,5,0.00,0.00,0,0
1406987940,lo,997.06,997.06,1994.11,1016,1016